"code","message","type","context","selector"
"WCAG2AAA.Principle2.Guideline2_4.2_4_2.H25.2","Check that the title element describes the document.","notice","<title>Hanham Health - 33 Whittucks Ro...</title>","html > head > title"
"WCAG2AAA.Principle3.Guideline3_1.3_1_1.H57.2","The html element should have a lang or xml:lang attribute which describes the language of the document.","error","<html class=\" js rgba multiplebgs backgroundsize borderradius boxshadow textshadow cssgradients fontface js rgba multiplebgs backgroundsize borderradius boxshadow textshadow cssgradients fontface js\" style=\"height: 100%;\"><head><meta http-equiv=\"X-UA...","html"
"WCAG2AAA.Principle2.Guideline2_4.2_4_1.H64.1","Iframe element requires a non-empty title attribute that identifies the frame.","error","<iframe id=\":1.container\" class=\"goog-te-banner-frame skiptranslate\" frameborder=\"0\" src=\"javascript:''\" style=\"visibility:visible\"></iframe>","#:1.container"
"WCAG2AAA.Principle2.Guideline2_4.2_4_9.H30","Check that text of the link describes the purpose of the link.","notice","<a href=\"http://www.hanhamhealth.co.uk\"><img src=\"http://www.gpwebsolut...</a>","#customlogo > a"
"WCAG2AAA.Principle1.Guideline1_1.1_1_1.G94.Image","Ensure that the img element's alt text serves the same purpose and presents the same information as the image.","notice","<img src=\"http://www.gpwebsolutions-host.co.uk/690/files/2014/05/HH.jpg\" alt=\"33 Whittucks Road Hanham Bristol BS15 3HY\">","#customlogo > a > img"
"WCAG2AAA.Principle1.Guideline1_1.1_1_1.G73,G74","If this image cannot be fully described in a short text alternative, ensure a long text alternative is also available, such as in the body text or through a link.","notice","<img src=\"http://www.gpwebsolutions-host.co.uk/690/files/2014/05/HH.jpg\" alt=\"33 Whittucks Road Hanham Bristol BS15 3HY\">","#customlogo > a > img"
"WCAG2AAA.Principle3.Guideline3_3.3_3_1.G83,G84,G85","If an input error is automatically detected in this form, check that the item(s) in error are identified and the error(s) are described to the user in text.","notice","<form method=\"get\" id=\"search-form\" action=\"http://www.hanhamhealth.co.uk/\">\n\t<input name=\"s\" id=\"s\" class=...</form>","#search-form"
"WCAG2AAA.Principle3.Guideline3_3.3_3_2.G131,G89,G184,H90","Check that descriptive labels or instructions (including for required fields) are provided for user input in this form.","notice","<form method=\"get\" id=\"search-form\" action=\"http://www.hanhamhealth.co.uk/\">\n\t<input name=\"s\" id=\"s\" class=...</form>","#search-form"
"WCAG2AAA.Principle3.Guideline3_3.3_3_3.G177","Check that this form provides suggested corrections to errors in user input, unless it would jeopardize the security or purpose of the content.","notice","<form method=\"get\" id=\"search-form\" action=\"http://www.hanhamhealth.co.uk/\">\n\t<input name=\"s\" id=\"s\" class=...</form>","#search-form"
"WCAG2AAA.Principle3.Guideline3_3.3_3_5.G71,G184,G193","Check that context-sensitive help is available for this form, at a Web-page and/or control level.","notice","<form method=\"get\" id=\"search-form\" action=\"http://www.hanhamhealth.co.uk/\">\n\t<input name=\"s\" id=\"s\" class=...</form>","#search-form"
"WCAG2AAA.Principle3.Guideline3_3.3_3_6.G98,G99,G155,G164,G168.AllForms","Check that submissions to this form are either reversible, checked for input errors, and/or confirmed by the user.","notice","<form method=\"get\" id=\"search-form\" action=\"http://www.hanhamhealth.co.uk/\">\n\t<input name=\"s\" id=\"s\" class=...</form>","#search-form"
"WCAG2AAA.Principle4.Guideline4_1.4_1_2.H91.InputText.Name","This text input element does not have a name available to an accessibility API. Valid names are: label element, title attribute, aria-label attribute, aria-labelledby attribute.","error","<input name=\"s\" id=\"s\" class=\"search-box\" type=\"text\" placeholder=\"Search\" onfocus=\"if (this.value == 'Search...') {this.value = '';}\" onblur=\"if (this.value == '') {this.value = 'Search...';}\" value=\"Search...\">","#s"
"WCAG2AAA.Principle1.Guideline1_3.1_3_1.F68","This form field should be labelled in some way. Use the label element (either with a \"for\" attribute or wrapped around the form field), or \"title\", \"aria-label\" or \"aria-labelledby\" attributes as appropriate.","error","<input name=\"s\" id=\"s\" class=\"search-box\" type=\"text\" placeholder=\"Search\" onfocus=\"if (this.value == 'Search...') {this.value = '';}\" onblur=\"if (this.value == '') {this.value = 'Search...';}\" value=\"Search...\">","#s"
"WCAG2AAA.Principle3.Guideline3_2.3_2_1.G107","Check that a change of context does not occur when this input field receives focus.","notice","<input name=\"s\" id=\"s\" class=\"search-box\" type=\"text\" placeholder=\"Search\" onfocus=\"if (this.value == 'Search...') {this.value = '';}\" onblur=\"if (this.value == '') {this.value = 'Search...';}\" value=\"Search...\">","#s"
"WCAG2AAA.Principle1.Guideline1_1.1_1_1.H36","Image submit button missing an alt attribute. Specify a text alternative that describes the button's function, using the alt attribute.","error","<input class=\"icon search\" src=\"http://www.hanhamhealth.co.uk/wp-content/themes/GPWS%202013%20-%20690/gfx/px.gif\" type=\"image\">","#search-form > input:nth-child(2)"
"WCAG2AAA.Principle4.Guideline4_1.4_1_2.H91.InputImage.Name","This image input element does not have a name available to an accessibility API. Valid names are: alt attribute, title attribute, aria-label attribute, aria-labelledby attribute.","error","<input class=\"icon search\" src=\"http://www.hanhamhealth.co.uk/wp-content/themes/GPWS%202013%20-%20690/gfx/px.gif\" type=\"image\">","#search-form > input:nth-child(2)"
"WCAG2AAA.Principle3.Guideline3_2.3_2_1.G107","Check that a change of context does not occur when this input field receives focus.","notice","<input class=\"icon search\" src=\"http://www.hanhamhealth.co.uk/wp-content/themes/GPWS%202013%20-%20690/gfx/px.gif\" type=\"image\">","#search-form > input:nth-child(2)"
"WCAG2AAA.Principle2.Guideline2_4.2_4_9.H30","Check that text of the link describes the purpose of the link.","notice","<a href=\"https://www.facebook.com/pages/Hanham-Health/329135970560554?ref=hl\"><img src=\"http://www.hanhamheal...</a>","#container > header > div:nth-child(4) > ul > li > a"
"WCAG2AAA.Principle1.Guideline1_1.1_1_1.G94.Image","Ensure that the img element's alt text serves the same purpose and presents the same information as the image.","notice","<img src=\"http://www.hanhamhealth.co.uk/wp-content/themes/GPWS%202013%20-%20690/gfx/social/facebook-blue.png\" alt=\"Facebook\">","#container > header > div:nth-child(4) > ul > li > a > img"
"WCAG2AAA.Principle1.Guideline1_1.1_1_1.G73,G74","If this image cannot be fully described in a short text alternative, ensure a long text alternative is also available, such as in the body text or through a link.","notice","<img src=\"http://www.hanhamhealth.co.uk/wp-content/themes/GPWS%202013%20-%20690/gfx/social/facebook-blue.png\" alt=\"Facebook\">","#container > header > div:nth-child(4) > ul > li > a > img"
"WCAG2AAA.Principle1.Guideline1_4.1_4_6.G17.BgImage","This element's text is placed on a background image. Ensure the contrast ratio between the text and all covered parts of the image are at least 7:1.","warning","<a href=\"http://www.hanhamhealth.co.uk\">Home</a>","#container > header > ul:nth-child(5) > li:nth-child(1) > a"
"WCAG2AAA.Principle2.Guideline2_4.2_4_9.H30","Check that text of the link describes the purpose of the link.","notice","<a href=\"http://www.hanhamhealth.co.uk\">Home</a>","#container > header > ul:nth-child(5) > li:nth-child(1) > a"
"WCAG2AAA.Principle1.Guideline1_4.1_4_6.G17.BgImage","This element's text is placed on a background image. Ensure the contrast ratio between the text and all covered parts of the image are at least 7:1.","warning","<a href=\"http://www.hanhamhealth.co.uk/fft/\">Friends and Family Test</a>","#container > header > ul:nth-child(5) > li:nth-child(2) > a"
"WCAG2AAA.Principle2.Guideline2_4.2_4_9.H30","Check that text of the link describes the purpose of the link.","notice","<a href=\"http://www.hanhamhealth.co.uk/fft/\">Friends and Family Test</a>","#container > header > ul:nth-child(5) > li:nth-child(2) > a"
"WCAG2AAA.Principle1.Guideline1_4.1_4_6.G17.BgImage","This element's text is placed on a background image. Ensure the contrast ratio between the text and all covered parts of the image are at least 7:1.","warning","<a href=\"http://www.hanhamhealth.co.uk/our-services/\">Our Services</a>","#container > header > ul:nth-child(5) > li:nth-child(3) > a"
"WCAG2AAA.Principle2.Guideline2_4.2_4_9.H30","Check that text of the link describes the purpose of the link.","notice","<a href=\"http://www.hanhamhealth.co.uk/our-services/\">Our Services</a>","#container > header > ul:nth-child(5) > li:nth-child(3) > a"
"WCAG2AAA.Principle2.Guideline2_4.2_4_9.H30","Check that text of the link describes the purpose of the link.","notice","<a href=\"http://www.hanhamhealth.co.uk/our-services/what-to-do-when-we-are-closed/\">What to do when we are closed</a>","#container > header > ul:nth-child(5) > li:nth-child(3) > ul > li:nth-child(1) > a"
"WCAG2AAA.Principle2.Guideline2_4.2_4_9.H30","Check that text of the link describes the purpose of the link.","notice","<a href=\"http://www.hanhamhealth.co.uk/our-services/carer-support/\">Carer Support</a>","#container > header > ul:nth-child(5) > li:nth-child(3) > ul > li:nth-child(2) > a"
"WCAG2AAA.Principle2.Guideline2_4.2_4_9.H30","Check that text of the link describes the purpose of the link.","notice","<a href=\"http://www.hanhamhealth.co.uk/our-services/chronic-disease-management/\">Chronic Disease Management</a>","#container > header > ul:nth-child(5) > li:nth-child(3) > ul > li:nth-child(3) > a"
"WCAG2AAA.Principle2.Guideline2_4.2_4_9.H30","Check that text of the link describes the purpose of the link.","notice","<a href=\"http://www.hanhamhealth.co.uk/our-services/complaints-and-fair-access/\">Feedback, complaints and Fair A...</a>","#container > header > ul:nth-child(5) > li:nth-child(3) > ul > li:nth-child(4) > a"
"WCAG2AAA.Principle2.Guideline2_4.2_4_9.H30","Check that text of the link describes the purpose of the link.","notice","<a href=\"http://www.hanhamhealth.co.uk/our-services/general-appointments/\">General Appointments</a>","#container > header > ul:nth-child(5) > li:nth-child(3) > ul > li:nth-child(5) > a"
"WCAG2AAA.Principle2.Guideline2_4.2_4_9.H30","Check that text of the link describes the purpose of the link.","notice","<a href=\"http://www.hanhamhealth.co.uk/our-services/health-promotion/\">Health Promotion</a>","#container > header > ul:nth-child(5) > li:nth-child(3) > ul > li:nth-child(6) > a"
"WCAG2AAA.Principle2.Guideline2_4.2_4_9.H30","Check that text of the link describes the purpose of the link.","notice","<a href=\"http://www.hanhamhealth.co.uk/our-services/minor-injuries/\">Minor Injuries</a>","#container > header > ul:nth-child(5) > li:nth-child(3) > ul > li:nth-child(7) > a"
"WCAG2AAA.Principle2.Guideline2_4.2_4_9.H30","Check that text of the link describes the purpose of the link.","notice","<a href=\"http://www.hanhamhealth.co.uk/our-services/pharmacy/\">Pharmacy</a>","#container > header > ul:nth-child(5) > li:nth-child(3) > ul > li:nth-child(8) > a"
"WCAG2AAA.Principle2.Guideline2_4.2_4_9.H30","Check that text of the link describes the purpose of the link.","notice","<a href=\"http://www.hanhamhealth.co.uk/our-services/prescriptions/\">Prescriptions</a>","#container > header > ul:nth-child(5) > li:nth-child(3) > ul > li:nth-child(9) > a"
"WCAG2AAA.Principle2.Guideline2_4.2_4_9.H30","Check that text of the link describes the purpose of the link.","notice","<a href=\"http://www.hanhamhealth.co.uk/our-services/private-services/\">Private Services</a>","#container > header > ul:nth-child(5) > li:nth-child(3) > ul > li:nth-child(10) > a"
"WCAG2AAA.Principle2.Guideline2_4.2_4_9.H30","Check that text of the link describes the purpose of the link.","notice","<a href=\"http://www.hanhamhealth.co.uk/our-services/test-results/\">Test Results</a>","#container > header > ul:nth-child(5) > li:nth-child(3) > ul > li:nth-child(11) > a"
"WCAG2AAA.Principle2.Guideline2_4.2_4_9.H30","Check that text of the link describes the purpose of the link.","notice","<a href=\"http://www.hanhamhealth.co.uk/our-services/travel-vaccination-form/\">Travel Vaccinations</a>","#container > header > ul:nth-child(5) > li:nth-child(3) > ul > li:nth-child(12) > a"
"WCAG2AAA.Principle2.Guideline2_4.2_4_9.H30","Check that text of the link describes the purpose of the link.","notice","<a href=\"http://www.hanhamhealth.co.uk/our-services/bereavement-support/\">Bereavement Support</a>","#container > header > ul:nth-child(5) > li:nth-child(3) > ul > li:nth-child(13) > a"
"WCAG2AAA.Principle2.Guideline2_4.2_4_9.H30","Check that text of the link describes the purpose of the link.","notice","<a href=\"http://www.hanhamhealth.co.uk/our-services/treatment-room/\">Treatment Room</a>","#container > header > ul:nth-child(5) > li:nth-child(3) > ul > li:nth-child(14) > a"
"WCAG2AAA.Principle1.Guideline1_4.1_4_6.G17.BgImage","This element's text is placed on a background image. Ensure the contrast ratio between the text and all covered parts of the image are at least 7:1.","warning","<a href=\"http://www.hanhamhealth.co.uk/news/\">News</a>","#container > header > ul:nth-child(5) > li:nth-child(4) > a"
"WCAG2AAA.Principle2.Guideline2_4.2_4_9.H30","Check that text of the link describes the purpose of the link.","notice","<a href=\"http://www.hanhamhealth.co.uk/news/\">News</a>","#container > header > ul:nth-child(5) > li:nth-child(4) > a"
"WCAG2AAA.Principle2.Guideline2_4.2_4_9.H30","Check that text of the link describes the purpose of the link.","notice","<a href=\"http://www.hanhamhealth.co.uk/news/latest-news/\">Latest News</a>","#container > header > ul:nth-child(5) > li:nth-child(4) > ul > li > a"
"WCAG2AAA.Principle1.Guideline1_4.1_4_6.G17.BgImage","This element's text is placed on a background image. Ensure the contrast ratio between the text and all covered parts of the image are at least 7:1.","warning","<a href=\"http://www.hanhamhealth.co.uk/about-us/\">About Us</a>","#container > header > ul:nth-child(5) > li:nth-child(5) > a"
"WCAG2AAA.Principle2.Guideline2_4.2_4_9.H30","Check that text of the link describes the purpose of the link.","notice","<a href=\"http://www.hanhamhealth.co.uk/about-us/\">About Us</a>","#container > header > ul:nth-child(5) > li:nth-child(5) > a"
"WCAG2AAA.Principle2.Guideline2_4.2_4_9.H30","Check that text of the link describes the purpose of the link.","notice","<a href=\"http://www.hanhamhealth.co.uk/about-us/business-plan/\">Business Plan</a>","#container > header > ul:nth-child(5) > li:nth-child(5) > ul > li:nth-child(1) > a"
"WCAG2AAA.Principle2.Guideline2_4.2_4_9.H30","Check that text of the link describes the purpose of the link.","notice","<a href=\"http://www.hanhamhealth.co.uk/about-us/data-sharing/\">Data Sharing and GDPR</a>","#container > header > ul:nth-child(5) > li:nth-child(5) > ul > li:nth-child(2) > a"
"WCAG2AAA.Principle2.Guideline2_4.2_4_9.H30","Check that text of the link describes the purpose of the link.","notice","<a href=\"http://www.hanhamhealth.co.uk/about-us/job-vacancies/\">Job Vacancies</a>","#container > header > ul:nth-child(5) > li:nth-child(5) > ul > li:nth-child(3) > a"
"WCAG2AAA.Principle2.Guideline2_4.2_4_9.H30","Check that text of the link describes the purpose of the link.","notice","<a href=\"http://www.hanhamhealth.co.uk/about-us/your-named-accountable-gp/\">Your Named Accountable GP</a>","#container > header > ul:nth-child(5) > li:nth-child(5) > ul > li:nth-child(4) > a"
"WCAG2AAA.Principle2.Guideline2_4.2_4_9.H30","Check that text of the link describes the purpose of the link.","notice","<a href=\"http://www.hanhamhealth.co.uk/about-us/mutual-respect/\">Mutual Respect</a>","#container > header > ul:nth-child(5) > li:nth-child(5) > ul > li:nth-child(5) > a"
"WCAG2AAA.Principle2.Guideline2_4.2_4_9.H30","Check that text of the link describes the purpose of the link.","notice","<a href=\"http://www.hanhamhealth.co.uk/about-us/opening-times/\">Opening Times</a>","#container > header > ul:nth-child(5) > li:nth-child(5) > ul > li:nth-child(6) > a"
"WCAG2AAA.Principle2.Guideline2_4.2_4_9.H30","Check that text of the link describes the purpose of the link.","notice","<a href=\"http://www.hanhamhealth.co.uk/about-us/new-patient-registration/\">New Patient Registration</a>","#container > header > ul:nth-child(5) > li:nth-child(5) > ul > li:nth-child(7) > a"
"WCAG2AAA.Principle2.Guideline2_4.2_4_9.H30","Check that text of the link describes the purpose of the link.","notice","<a href=\"http://www.hanhamhealth.co.uk/about-us/research/\">Research</a>","#container > header > ul:nth-child(5) > li:nth-child(5) > ul > li:nth-child(8) > a"
"WCAG2AAA.Principle2.Guideline2_4.2_4_9.H30","Check that text of the link describes the purpose of the link.","notice","<a href=\"http://www.hanhamhealth.co.uk/about-us/abbey-wood-medical-centre/\">Abbey Wood Medical Centre</a>","#container > header > ul:nth-child(5) > li:nth-child(5) > ul > li:nth-child(9) > a"
"WCAG2AAA.Principle2.Guideline2_4.2_4_9.H30","Check that text of the link describes the purpose of the link.","notice","<a href=\"http://www.hanhamhealth.co.uk/about-us/secure-environment-work/\">Secure Environment Work</a>","#container > header > ul:nth-child(5) > li:nth-child(5) > ul > li:nth-child(10) > a"
"WCAG2AAA.Principle2.Guideline2_4.2_4_9.H30","Check that text of the link describes the purpose of the link.","notice","<a href=\"http://www.hanhamhealth.co.uk/about-us/training-and-recruitment/\">Training</a>","#container > header > ul:nth-child(5) > li:nth-child(5) > ul > li:nth-child(11) > a"
"WCAG2AAA.Principle2.Guideline2_4.2_4_9.H30","Check that text of the link describes the purpose of the link.","notice","<a href=\"http://www.hanhamhealth.co.uk/about-us/practice-documents/\">Patient Forms and Documents</a>","#container > header > ul:nth-child(5) > li:nth-child(5) > ul > li:nth-child(12) > a"
"WCAG2AAA.Principle1.Guideline1_4.1_4_6.G17.BgImage","This element's text is placed on a background image. Ensure the contrast ratio between the text and all covered parts of the image are at least 7:1.","warning","<a href=\"http://www.hanhamhealth.co.uk/the-team/\">The Team</a>","#container > header > ul:nth-child(5) > li:nth-child(6) > a"
"WCAG2AAA.Principle2.Guideline2_4.2_4_9.H30","Check that text of the link describes the purpose of the link.","notice","<a href=\"http://www.hanhamhealth.co.uk/the-team/\">The Team</a>","#container > header > ul:nth-child(5) > li:nth-child(6) > a"
"WCAG2AAA.Principle2.Guideline2_4.2_4_9.H30","Check that text of the link describes the purpose of the link.","notice","<a href=\"http://www.hanhamhealth.co.uk/the-team/the-partners/\">The Partners</a>","#container > header > ul:nth-child(5) > li:nth-child(6) > ul > li:nth-child(1) > a"
"WCAG2AAA.Principle2.Guideline2_4.2_4_9.H30","Check that text of the link describes the purpose of the link.","notice","<a href=\"http://www.hanhamhealth.co.uk/the-team/executive-manager/\">Executive Manager</a>","#container > header > ul:nth-child(5) > li:nth-child(6) > ul > li:nth-child(2) > a"
"WCAG2AAA.Principle2.Guideline2_4.2_4_9.H30","Check that text of the link describes the purpose of the link.","notice","<a href=\"http://www.hanhamhealth.co.uk/the-team/salaried-doctors/\">Salaried Doctors</a>","#container > header > ul:nth-child(5) > li:nth-child(6) > ul > li:nth-child(3) > a"
"WCAG2AAA.Principle2.Guideline2_4.2_4_9.H30","Check that text of the link describes the purpose of the link.","notice","<a href=\"http://www.hanhamhealth.co.uk/the-team/nurse-practitioners/\">Nurse Practitioners</a>","#container > header > ul:nth-child(5) > li:nth-child(6) > ul > li:nth-child(4) > a"
"WCAG2AAA.Principle2.Guideline2_4.2_4_9.H30","Check that text of the link describes the purpose of the link.","notice","<a href=\"http://www.hanhamhealth.co.uk/the-team/healthcare-practitioners/\">Healthcare Practitioners</a>","#container > header > ul:nth-child(5) > li:nth-child(6) > ul > li:nth-child(5) > a"
"WCAG2AAA.Principle2.Guideline2_4.2_4_9.H30","Check that text of the link describes the purpose of the link.","notice","<a href=\"http://www.hanhamhealth.co.uk/the-team/nursing-team/\">Nursing Team</a>","#container > header > ul:nth-child(5) > li:nth-child(6) > ul > li:nth-child(6) > a"
"WCAG2AAA.Principle2.Guideline2_4.2_4_9.H30","Check that text of the link describes the purpose of the link.","notice","<a href=\"http://www.hanhamhealth.co.uk/the-team/district-nurses/\">District Nurses</a>","#container > header > ul:nth-child(5) > li:nth-child(6) > ul > li:nth-child(7) > a"
"WCAG2AAA.Principle2.Guideline2_4.2_4_9.H30","Check that text of the link describes the purpose of the link.","notice","<a href=\"http://www.hanhamhealth.co.uk/the-team/health-visitors-midwifes/\">Health Visitors &amp; Midwifes</a>","#container > header > ul:nth-child(5) > li:nth-child(6) > ul > li:nth-child(8) > a"
"WCAG2AAA.Principle2.Guideline2_4.2_4_9.H30","Check that text of the link describes the purpose of the link.","notice","<a href=\"http://www.hanhamhealth.co.uk/the-team/administrative-staff/\">Support Staff</a>","#container > header > ul:nth-child(5) > li:nth-child(6) > ul > li:nth-child(9) > a"
"WCAG2AAA.Principle2.Guideline2_4.2_4_9.H30","Check that text of the link describes the purpose of the link.","notice","<a href=\"http://www.hanhamhealth.co.uk/the-team/patient-participation-group/\">Patient Participation Group</a>","#container > header > ul:nth-child(5) > li:nth-child(6) > ul > li:nth-child(10) > a"
"WCAG2AAA.Principle2.Guideline2_4.2_4_9.H30","Check that text of the link describes the purpose of the link.","notice","<a href=\"http://www.hanhamhealth.co.uk/the-team/gp-net-earnings/\">GP Net Earnings</a>","#container > header > ul:nth-child(5) > li:nth-child(6) > ul > li:nth-child(11) > a"
"WCAG2AAA.Principle1.Guideline1_4.1_4_6.G17.BgImage","This element's text is placed on a background image. Ensure the contrast ratio between the text and all covered parts of the image are at least 7:1.","warning","<a href=\"http://www.hanhamhealth.co.uk/online-services/\">Online Services</a>","#container > header > ul:nth-child(5) > li:nth-child(7) > a"
"WCAG2AAA.Principle2.Guideline2_4.2_4_9.H30","Check that text of the link describes the purpose of the link.","notice","<a href=\"http://www.hanhamhealth.co.uk/online-services/\">Online Services</a>","#container > header > ul:nth-child(5) > li:nth-child(7) > a"
"WCAG2AAA.Principle2.Guideline2_4.2_4_9.H30","Check that text of the link describes the purpose of the link.","notice","<a href=\"http://www.hanhamhealth.co.uk/online-services/boundary-checker/\">Boundary Checker</a>","#container > header > ul:nth-child(5) > li:nth-child(7) > ul > li:nth-child(1) > a"
"WCAG2AAA.Principle2.Guideline2_4.2_4_9.H30","Check that text of the link describes the purpose of the link.","notice","<a href=\"http://www.hanhamhealth.co.uk/online-services/continuation-sick-notes/\">Continuation Sick notes</a>","#container > header > ul:nth-child(5) > li:nth-child(7) > ul > li:nth-child(2) > a"
"WCAG2AAA.Principle2.Guideline2_4.2_4_9.H30","Check that text of the link describes the purpose of the link.","notice","<a href=\"http://www.hanhamhealth.co.uk/online-services/information-in-other-languages/\">Information in other languages</a>","#container > header > ul:nth-child(5) > li:nth-child(7) > ul > li:nth-child(3) > a"
"WCAG2AAA.Principle2.Guideline2_4.2_4_9.H30","Check that text of the link describes the purpose of the link.","notice","<a href=\"http://www.hanhamhealth.co.uk/online-services/appointments/\">Services available</a>","#container > header > ul:nth-child(5) > li:nth-child(7) > ul > li:nth-child(4) > a"
"WCAG2AAA.Principle2.Guideline2_4.2_4_9.H30","Check that text of the link describes the purpose of the link.","notice","<a href=\"http://www.hanhamhealth.co.uk/online-services/view-your-medical-record-online/\">View your medical record online</a>","#container > header > ul:nth-child(5) > li:nth-child(7) > ul > li:nth-child(5) > a"
"WCAG2AAA.Principle1.Guideline1_4.1_4_6.G17.BgImage","This element's text is placed on a background image. Ensure the contrast ratio between the text and all covered parts of the image are at least 7:1.","warning","<a href=\"http://www.hanhamhealth.co.uk/health-information/\">Health advice &amp; Self Care</a>","#container > header > ul:nth-child(5) > li:nth-child(8) > a"
"WCAG2AAA.Principle2.Guideline2_4.2_4_9.H30","Check that text of the link describes the purpose of the link.","notice","<a href=\"http://www.hanhamhealth.co.uk/health-information/\">Health advice &amp; Self Care</a>","#container > header > ul:nth-child(5) > li:nth-child(8) > a"
"WCAG2AAA.Principle2.Guideline2_4.2_4_9.H30","Check that text of the link describes the purpose of the link.","notice","<a href=\"http://www.hanhamhealth.co.uk/health-information/self-care/\">Self Care</a>","#container > header > ul:nth-child(5) > li:nth-child(8) > ul > li:nth-child(1) > a"
"WCAG2AAA.Principle2.Guideline2_4.2_4_9.H30","Check that text of the link describes the purpose of the link.","notice","<a href=\"http://www.hanhamhealth.co.uk/health-information/health-care-videos/\">Health &amp; Care Videos</a>","#container > header > ul:nth-child(5) > li:nth-child(8) > ul > li:nth-child(2) > a"
"WCAG2AAA.Principle2.Guideline2_4.2_4_9.H30","Check that text of the link describes the purpose of the link.","notice","<a href=\"http://www.hanhamhealth.co.uk/health-information/sepsis-what-you-need-to-know/\">Sepsis – What you need to know</a>","#container > header > ul:nth-child(5) > li:nth-child(8) > ul > li:nth-child(3) > a"
"WCAG2AAA.Principle2.Guideline2_4.2_4_9.H30","Check that text of the link describes the purpose of the link.","notice","<a href=\"http://www.hanhamhealth.co.uk/health-information/local-services/\">Local Services</a>","#container > header > ul:nth-child(5) > li:nth-child(8) > ul > li:nth-child(4) > a"
"WCAG2AAA.Principle1.Guideline1_4.1_4_6.G17.BgImage","This element's text is placed on a background image. Ensure the contrast ratio between the text and all covered parts of the image are at least 7:1.","warning","<a href=\"http://www.hanhamhealth.co.uk/contact/\">Contact</a>","#container > header > ul:nth-child(5) > li:nth-child(9) > a"
"WCAG2AAA.Principle2.Guideline2_4.2_4_9.H30","Check that text of the link describes the purpose of the link.","notice","<a href=\"http://www.hanhamhealth.co.uk/contact/\">Contact</a>","#container > header > ul:nth-child(5) > li:nth-child(9) > a"
"WCAG2AAA.Principle2.Guideline2_4.2_4_9.H30","Check that text of the link describes the purpose of the link.","notice","<a href=\"https://patient.emisaccess.co.uk/\" class=\"paccess\">&nbsp;&nbsp;<span class=\"pacces...</a>","#container > header > ul:nth-child(5) > li:nth-child(10) > a"
"WCAG2AAA.Principle1.Guideline1_4.1_4_6.G17.Fail","This element has insufficient contrast at this conformance level. Expected a contrast ratio of at least 7:1, but text in this element has a contrast ratio of 4.03:1. Recommendation: change background to #a13300.","error","<span class=\"paccess-btn\"><img class=\"icon lock\" src=\"htt...</span>","#container > header > ul:nth-child(5) > li:nth-child(10) > a > span"
"WCAG2AAA.Principle1.Guideline1_1.1_1_1.G94.Image","Ensure that the img element's alt text serves the same purpose and presents the same information as the image.","notice","<img class=\"icon lock\" src=\"http://www.hanhamhealth.co.uk/wp-content/themes/GPWS%202013%20-%20690/gfx/px.gif\" alt=\"Sign in\">","#container > header > ul:nth-child(5) > li:nth-child(10) > a > span > img"
"WCAG2AAA.Principle1.Guideline1_1.1_1_1.G73,G74","If this image cannot be fully described in a short text alternative, ensure a long text alternative is also available, such as in the body text or through a link.","notice","<img class=\"icon lock\" src=\"http://www.hanhamhealth.co.uk/wp-content/themes/GPWS%202013%20-%20690/gfx/px.gif\" alt=\"Sign in\">","#container > header > ul:nth-child(5) > li:nth-child(10) > a > span > img"
"WCAG2AAA.Principle1.Guideline1_4.1_4_6.G17.Abs","This element is absolutely positioned and the background color can not be determined. Ensure the contrast ratio between the text and all covered parts of the background are at least 7:1.","warning","<a class=\"fontResizer_minus ct-font-resizer-minus\" href=\"#\" title=\"Decrease font size\" style=\"font-size: 0.7em; cursor: pointer;\">A</a>","#container > header > ul:nth-child(6) > li > ul > li > a:nth-child(1)"
"WCAG2AAA.Principle2.Guideline2_4.2_4_9.H30","Check that text of the link describes the purpose of the link.","notice","<a class=\"fontResizer_minus ct-font-resizer-minus\" href=\"#\" title=\"Decrease font size\" style=\"font-size: 0.7em; cursor: pointer;\">A</a>","#container > header > ul:nth-child(6) > li > ul > li > a:nth-child(1)"
"WCAG2AAA.Principle1.Guideline1_4.1_4_6.G17.Abs","This element is absolutely positioned and the background color can not be determined. Ensure the contrast ratio between the text and all covered parts of the background are at least 7:1.","warning","<a class=\"fontResizer_reset ct-font-resizer-reset\" href=\"#\" title=\"Reset font size\" style=\"cursor: pointer;\">A</a>","#container > header > ul:nth-child(6) > li > ul > li > a:nth-child(2)"
"WCAG2AAA.Principle2.Guideline2_4.2_4_9.H30","Check that text of the link describes the purpose of the link.","notice","<a class=\"fontResizer_reset ct-font-resizer-reset\" href=\"#\" title=\"Reset font size\" style=\"cursor: pointer;\">A</a>","#container > header > ul:nth-child(6) > li > ul > li > a:nth-child(2)"
"WCAG2AAA.Principle1.Guideline1_4.1_4_6.G18.Abs","This element is absolutely positioned and the background color can not be determined. Ensure the contrast ratio between the text and all covered parts of the background are at least 4.5:1.","warning","<a class=\"fontResizer_add ct-font-resizer-plus\" href=\"#\" title=\"Increase font size\" style=\"font-size: 1.2em; cursor: pointer;\">A</a>","#container > header > ul:nth-child(6) > li > ul > li > a:nth-child(3)"
"WCAG2AAA.Principle2.Guideline2_4.2_4_9.H30","Check that text of the link describes the purpose of the link.","notice","<a class=\"fontResizer_add ct-font-resizer-plus\" href=\"#\" title=\"Increase font size\" style=\"font-size: 1.2em; cursor: pointer;\">A</a>","#container > header > ul:nth-child(6) > li > ul > li > a:nth-child(3)"
"WCAG2AAA.Principle3.Guideline3_2.3_2_1.G107","Check that a change of context does not occur when this input field receives focus.","notice","<input type=\"hidden\" id=\"fontResizer_value\" value=\"body\">","#fontResizer_value"
"WCAG2AAA.Principle3.Guideline3_2.3_2_1.G107","Check that a change of context does not occur when this input field receives focus.","notice","<input type=\"hidden\" id=\"fontResizer_ownid\" value=\"\">","#fontResizer_ownid"
"WCAG2AAA.Principle3.Guideline3_2.3_2_1.G107","Check that a change of context does not occur when this input field receives focus.","notice","<input type=\"hidden\" id=\"fontResizer_ownelement\" value=\"\">","#fontResizer_ownelement"
"WCAG2AAA.Principle3.Guideline3_2.3_2_1.G107","Check that a change of context does not occur when this input field receives focus.","notice","<input type=\"hidden\" id=\"fontResizer_resizeSteps\" value=\"1.6\">","#fontResizer_resizeSteps"
"WCAG2AAA.Principle3.Guideline3_2.3_2_1.G107","Check that a change of context does not occur when this input field receives focus.","notice","<input type=\"hidden\" id=\"fontResizer_cookieTime\" value=\"31\">","#fontResizer_cookieTime"
"WCAG2AAA.Principle3.Guideline3_2.3_2_1.G107","Check that a change of context does not occur when this input field receives focus.","notice","<input type=\"hidden\" id=\"fontResizer_maxFontsize\" value=\"\">","#fontResizer_maxFontsize"
"WCAG2AAA.Principle3.Guideline3_2.3_2_1.G107","Check that a change of context does not occur when this input field receives focus.","notice","<input type=\"hidden\" id=\"fontResizer_minFontsize\" value=\"\">","#fontResizer_minFontsize"
"WCAG2AAA.Principle1.Guideline1_3.1_3_1_AAA.G141","The heading structure is not logically nested. This h2 element appears to be the primary document heading, so should be an h1 element.","error","<h2 class=\"featured-subtitle\">Welcome to Hanham Health</h2>","#welcome > section:nth-child(1) > div:nth-child(1) > h2"
"WCAG2AAA.Principle1.Guideline1_3.1_3_1.H42.2","Heading tag found with no content. Text that is not intended as a heading should not be marked up with heading tags.","error","<h2 class=\"featured-subtitle\"></h2>","#welcome > section:nth-child(1) > div:nth-child(2) > h2"
"WCAG2AAA.Principle2.Guideline2_4.2_4_9.H30","Check that text of the link describes the purpose of the link.","notice","<a href=\"http://www.gpwebsolutions-host.co.uk/690/2018/09/18/self-care-and-changes-to-prescribing-over-the-counter-medicines/\"><button class=\"btn info\"><stron...</a>","#welcome > section:nth-child(1) > div:nth-child(2) > a"
"WCAG2AAA.Principle3.Guideline3_2.3_2_1.G107","Check that a change of context does not occur when this input field receives focus.","notice","<button class=\"btn info\"><strong><p>INFORMATION TO HELP ...</button>","#welcome > section:nth-child(1) > div:nth-child(2) > a > button"
"WCAG2AAA.Principle1.Guideline1_4.1_4_6.G17.Fail","This element has insufficient contrast at this conformance level. Expected a contrast ratio of at least 7:1, but text in this element has a contrast ratio of 2.33:1. Recommendation: change background to #864a00.","error","<p>INFORMATION TO HELP YOU WITH SE...</p>","#welcome > section:nth-child(1) > div:nth-child(2) > a > button > strong > p:nth-child(1)"
"WCAG2AAA.Principle1.Guideline1_4.1_4_6.G17.Fail","This element has insufficient contrast at this conformance level. Expected a contrast ratio of at least 7:1, but text in this element has a contrast ratio of 2.33:1. Recommendation: change background to #864a00.","error","<p>PLEASE CLICK HERE</p>","#welcome > section:nth-child(1) > div:nth-child(2) > a > button > strong > p:nth-child(2)"
"WCAG2AAA.Principle1.Guideline1_4.1_4_6.G17.BgImage","This element's text is placed on a background image. Ensure the contrast ratio between the text and all covered parts of the image are at least 7:1.","warning","<a class=\"book\" target=\"_BLANK\" href=\"https://patient.emisaccess.co.uk/\">\t\t\t\t\t<img src=\"http://www.hanha...</a>","#welcome > section:nth-child(1) > a"
"WCAG2AAA.Principle2.Guideline2_4.2_4_9.H30","Check that text of the link describes the purpose of the link.","notice","<a class=\"book\" target=\"_BLANK\" href=\"https://patient.emisaccess.co.uk/\">\t\t\t\t\t<img src=\"http://www.hanha...</a>","#welcome > section:nth-child(1) > a"
"WCAG2AAA.Principle1.Guideline1_1.1_1_1.G94.Image","Ensure that the img element's alt text serves the same purpose and presents the same information as the image.","notice","<img src=\"http://www.hanhamhealth.co.uk/wp-content/themes/GPWS%202013%20-%20690/gfx/px.gif\" class=\"icon biglock\" alt=\"Secure\">","#welcome > section:nth-child(1) > a > img"
"WCAG2AAA.Principle1.Guideline1_1.1_1_1.G73,G74","If this image cannot be fully described in a short text alternative, ensure a long text alternative is also available, such as in the body text or through a link.","notice","<img src=\"http://www.hanhamhealth.co.uk/wp-content/themes/GPWS%202013%20-%20690/gfx/px.gif\" class=\"icon biglock\" alt=\"Secure\">","#welcome > section:nth-child(1) > a > img"
"WCAG2AAA.Principle2.Guideline2_1.2_1_1.G90","Ensure the functionality provided by an event handler for this element is available through the keyboard","warning","<a href=\"#\" id=\"webgpBtnToggle\" class=\"webgpBtnToggle webgpBtnToggle-close\" onclick=\"toggleBannerVisibility(false, undefined, this)\"><span class=\"sr-only\">Minimise<...</a>","#webgpBtnToggle"
"WCAG2AAA.Principle2.Guideline2_4.2_4_9.H30","Check that text of the link describes the purpose of the link.","notice","<a href=\"#\" id=\"webgpBtnToggle\" class=\"webgpBtnToggle webgpBtnToggle-close\" onclick=\"toggleBannerVisibility(false, undefined, this)\"><span class=\"sr-only\">Minimise<...</a>","#webgpBtnToggle"
"WCAG2AAA.Principle1.Guideline1_1.1_1_1.G94.Image","Ensure that the img element's alt text serves the same purpose and presents the same information as the image.","notice","<img src=\"https://s3-eu-west-1.amazonaws.com/practiceassets.ehealth.webgp.com/coreAssets/images/logo_econsult.png\" width=\"120\" id=\"webgpLogoImg\" alt=\"eConsult logo\">","#webgpLogoImg"
"WCAG2AAA.Principle1.Guideline1_1.1_1_1.G73,G74","If this image cannot be fully described in a short text alternative, ensure a long text alternative is also available, such as in the body text or through a link.","notice","<img src=\"https://s3-eu-west-1.amazonaws.com/practiceassets.ehealth.webgp.com/coreAssets/images/logo_econsult.png\" width=\"120\" id=\"webgpLogoImg\" alt=\"eConsult logo\">","#webgpLogoImg"
"WCAG2AAA.Principle1.Guideline1_4.1_4_6.G18.Fail","This element has insufficient contrast at this conformance level. Expected a contrast ratio of at least 4.5:1, but text in this element has a contrast ratio of 3.09:1. Recommendation: change background to #007eb2.","error","<a id=\"webgpHeaderCTA\" href=\"http://hanhamhealth.webgp.com/treatmentCategory/showAll\" onclick=\"return breakIframe(this);\">Contact our doctors online</a>","#webgpHeaderCTA"
"WCAG2AAA.Principle2.Guideline2_4.2_4_9.H30","Check that text of the link describes the purpose of the link.","notice","<a id=\"webgpHeaderCTA\" href=\"http://hanhamhealth.webgp.com/treatmentCategory/showAll\" onclick=\"return breakIframe(this);\">Contact our doctors online</a>","#webgpHeaderCTA"
"WCAG2AAA.Principle1.Guideline1_4.1_4_6.G17.Fail","This element has insufficient contrast at this conformance level. Expected a contrast ratio of at least 7:1, but text in this element has a contrast ratio of 3.09:1. Recommendation: change background to #005f87.","error","<div id=\"webgpText\">\n                        \n     ...</div>","#webgpText"
"WCAG2AAA.Principle1.Guideline1_3.1_3_1.H48","If this element contains a navigation section, it is recommended that it be marked up as a list.","warning","<div id=\"button-wrapper webgp-intro-cta\">\n                        <a id=...</div>","#button-wrapper webgp-intro-cta"
"WCAG2AAA.Principle2.Guideline2_4.2_4_9.H30","Check that text of the link describes the purpose of the link.","notice","<a id=\"webgpIntroCTA\" href=\"http://hanhamhealth.webgp.com/treatmentCategory/showAll\" onclick=\"return breakIframe(this);\">\n                            <d...</a>","#webgpIntroCTA"
"WCAG2AAA.Principle1.Guideline1_4.1_4_6.G17.Fail","This element has insufficient contrast at this conformance level. Expected a contrast ratio of at least 7:1, but text in this element has a contrast ratio of 3.39:1. Recommendation: change background to #505050.","error","<div>Ask about common problems like ...</div>","#webgpIntroCTA > div"
"WCAG2AAA.Principle2.Guideline2_4.2_4_9.H30","Check that text of the link describes the purpose of the link.","notice","<a id=\"webgpIntroCTAGeneric\" href=\"http://hanhamhealth.webgp.com/consult-general-advice\" onclick=\"return breakIframe(this);\">\n                              ...</a>","#webgpIntroCTAGeneric"
"WCAG2AAA.Principle1.Guideline1_4.1_4_6.G17.Fail","This element has insufficient contrast at this conformance level. Expected a contrast ratio of at least 7:1, but text in this element has a contrast ratio of 3.39:1. Recommendation: change background to #505050.","error","<div>Ask about general symptoms like...</div>","#webgpIntroCTAGeneric > div"
"WCAG2AAA.Principle2.Guideline2_4.2_4_9.H30","Check that text of the link describes the purpose of the link.","notice","<a id=\"webgpIntroCTAAdmin\" href=\"http://hanhamhealth.webgp.com/consult-administrative-help\" onclick=\"return breakIframe(this);\">\n                              ...</a>","#webgpIntroCTAAdmin"
"WCAG2AAA.Principle1.Guideline1_4.1_4_6.G17.Fail","This element has insufficient contrast at this conformance level. Expected a contrast ratio of at least 7:1, but text in this element has a contrast ratio of 3.39:1. Recommendation: change background to #505050.","error","<div>Request sick notes and GP lette...</div>","#webgpIntroCTAAdmin > div"
"WCAG2AAA.Principle4.Guideline4_1.4_1_1.F77","Duplicate id attribute value \"webgpIntroCTAAdmin\" found on the web page.","error","<a id=\"webgpIntroCTAAdmin\" href=\"http://hanhamhealth.webgp.com/children\" onclick=\"return breakIframe(this);\">\n                              ...</a>","#webgpIntroCTAAdmin"
"WCAG2AAA.Principle2.Guideline2_4.2_4_9.H30","Check that text of the link describes the purpose of the link.","notice","<a id=\"webgpIntroCTAAdmin\" href=\"http://hanhamhealth.webgp.com/children\" onclick=\"return breakIframe(this);\">\n                              ...</a>","#webgpIntroCTAAdmin"
"WCAG2AAA.Principle1.Guideline1_4.1_4_6.G17.Fail","This element has insufficient contrast at this conformance level. Expected a contrast ratio of at least 7:1, but text in this element has a contrast ratio of 3.39:1. Recommendation: change background to #505050.","error","<div>Get help for your child\n       ...</div>","#webgpIntroCTAAdmin > div"
"WCAG2AAA.Principle1.Guideline1_4.1_4_6.G18.BgImage","This element's text is placed on a background image. Ensure the contrast ratio between the text and all covered parts of the image are at least 4.5:1.","warning","<h3 class=\"title\">Opening Hours</h3>","#col_1 > div:nth-child(1) > h3"
"WCAG2AAA.Principle1.Guideline1_3.1_3_1.LayoutTable","This table appears to be a layout table. If it is meant to instead be a data table, ensure header cells are identified using th elements.","notice","<table>\n\t\t\t\t<tbody><tr>\n\t\t\t\t    <td cl...</table>","#col_1 > div:nth-child(1) > table"
"WCAG2AAA.Principle1.Guideline1_4.1_4_6.G17.BgImage","This element's text is placed on a background image. Ensure the contrast ratio between the text and all covered parts of the image are at least 7:1.","warning","<td class=\"left-strong\">Monday</td>","#col_1 > div:nth-child(1) > table > tbody > tr:nth-child(1) > td:nth-child(1)"
"WCAG2AAA.Principle1.Guideline1_4.1_4_6.G17.BgImage","This element's text is placed on a background image. Ensure the contrast ratio between the text and all covered parts of the image are at least 7:1.","warning","<td>8:00 - 18:30</td>","#col_1 > div:nth-child(1) > table > tbody > tr:nth-child(1) > td:nth-child(2)"
"WCAG2AAA.Principle1.Guideline1_4.1_4_6.G17.BgImage","This element's text is placed on a background image. Ensure the contrast ratio between the text and all covered parts of the image are at least 7:1.","warning","<td class=\"left-strong\">Tuesday</td>","#col_1 > div:nth-child(1) > table > tbody > tr:nth-child(2) > td:nth-child(1)"
"WCAG2AAA.Principle1.Guideline1_4.1_4_6.G17.BgImage","This element's text is placed on a background image. Ensure the contrast ratio between the text and all covered parts of the image are at least 7:1.","warning","<td>8:00 - 18:30</td>","#col_1 > div:nth-child(1) > table > tbody > tr:nth-child(2) > td:nth-child(2)"
"WCAG2AAA.Principle1.Guideline1_4.1_4_6.G17.BgImage","This element's text is placed on a background image. Ensure the contrast ratio between the text and all covered parts of the image are at least 7:1.","warning","<td class=\"left-strong\">Wednesday</td>","#col_1 > div:nth-child(1) > table > tbody > tr:nth-child(3) > td:nth-child(1)"
"WCAG2AAA.Principle1.Guideline1_4.1_4_6.G17.BgImage","This element's text is placed on a background image. Ensure the contrast ratio between the text and all covered parts of the image are at least 7:1.","warning","<td>8:00 - 18:30</td>","#col_1 > div:nth-child(1) > table > tbody > tr:nth-child(3) > td:nth-child(2)"
"WCAG2AAA.Principle1.Guideline1_4.1_4_6.G17.BgImage","This element's text is placed on a background image. Ensure the contrast ratio between the text and all covered parts of the image are at least 7:1.","warning","<td class=\"left-strong\">Thursday</td>","#col_1 > div:nth-child(1) > table > tbody > tr:nth-child(4) > td:nth-child(1)"
"WCAG2AAA.Principle1.Guideline1_4.1_4_6.G17.BgImage","This element's text is placed on a background image. Ensure the contrast ratio between the text and all covered parts of the image are at least 7:1.","warning","<td>8:00 - 18:30</td>","#col_1 > div:nth-child(1) > table > tbody > tr:nth-child(4) > td:nth-child(2)"
"WCAG2AAA.Principle1.Guideline1_4.1_4_6.G17.BgImage","This element's text is placed on a background image. Ensure the contrast ratio between the text and all covered parts of the image are at least 7:1.","warning","<td class=\"left-strong\">Friday</td>","#col_1 > div:nth-child(1) > table > tbody > tr:nth-child(5) > td:nth-child(1)"
"WCAG2AAA.Principle1.Guideline1_4.1_4_6.G17.BgImage","This element's text is placed on a background image. Ensure the contrast ratio between the text and all covered parts of the image are at least 7:1.","warning","<td>8:00 - 18:30</td>","#col_1 > div:nth-child(1) > table > tbody > tr:nth-child(5) > td:nth-child(2)"
"WCAG2AAA.Principle1.Guideline1_4.1_4_6.G17.BgImage","This element's text is placed on a background image. Ensure the contrast ratio between the text and all covered parts of the image are at least 7:1.","warning","<td class=\"left-strong\">Saturday</td>","#col_1 > div:nth-child(1) > table > tbody > tr:nth-child(6) > td:nth-child(1)"
"WCAG2AAA.Principle1.Guideline1_4.1_4_6.G17.BgImage","This element's text is placed on a background image. Ensure the contrast ratio between the text and all covered parts of the image are at least 7:1.","warning","<td>Closed</td>","#col_1 > div:nth-child(1) > table > tbody > tr:nth-child(6) > td:nth-child(2)"
"WCAG2AAA.Principle1.Guideline1_4.1_4_6.G17.BgImage","This element's text is placed on a background image. Ensure the contrast ratio between the text and all covered parts of the image are at least 7:1.","warning","<td class=\"left-strong\">Sunday</td>","#col_1 > div:nth-child(1) > table > tbody > tr:nth-child(7) > td:nth-child(1)"
"WCAG2AAA.Principle1.Guideline1_4.1_4_6.G17.BgImage","This element's text is placed on a background image. Ensure the contrast ratio between the text and all covered parts of the image are at least 7:1.","warning","<td>Closed</td>","#col_1 > div:nth-child(1) > table > tbody > tr:nth-child(7) > td:nth-child(2)"
"WCAG2AAA.Principle1.Guideline1_4.1_4_6.G18.BgImage","This element's text is placed on a background image. Ensure the contrast ratio between the text and all covered parts of the image are at least 4.5:1.","warning","<h3 class=\"title\">CQC</h3>","#col_1 > div:nth-child(2) > h3"
"WCAG2AAA.Principle1.Guideline1_4.1_4_6.G17.BgImage","This element's text is placed on a background image. Ensure the contrast ratio between the text and all covered parts of the image are at least 7:1.","warning","<iframe class=\"cqc-widget\" title=\"CQC Widget for Hanham Health\" src=\"https://www.cqc.org.uk/widget_r/1-553177409\" width=\"100%\" height=\"200px\" border=\"0\" frameborder=\"0\">&lt;p&gt;&lt;a href=\"https://ww...</iframe>","#col_1 > div:nth-child(2) > iframe"
"WCAG2AAA.Principle2.Guideline2_4.2_4_1.H64.2","Check that the title attribute of this element contains text that identifies the frame.","notice","<iframe class=\"cqc-widget\" title=\"CQC Widget for Hanham Health\" src=\"https://www.cqc.org.uk/widget_r/1-553177409\" width=\"100%\" height=\"200px\" border=\"0\" frameborder=\"0\">&lt;p&gt;&lt;a href=\"https://ww...</iframe>","#col_1 > div:nth-child(2) > iframe"
"WCAG2AAA.Principle1.Guideline1_3.1_3_1.H48","If this element contains a navigation section, it is recommended that it be marked up as a list.","warning","<div class=\"widget links\"><h3 class=\"title\">Useful Links<...</div>","#col_1 > div:nth-child(3)"
"WCAG2AAA.Principle1.Guideline1_4.1_4_6.G18.BgImage","This element's text is placed on a background image. Ensure the contrast ratio between the text and all covered parts of the image are at least 4.5:1.","warning","<h3 class=\"title\">Useful Links</h3>","#col_1 > div:nth-child(3) > h3"
"WCAG2AAA.Principle1.Guideline1_4.1_4_6.G17.BgImage","This element's text is placed on a background image. Ensure the contrast ratio between the text and all covered parts of the image are at least 7:1.","warning","<a class=\"book-app\" href=\"https://patient.emisaccess.co.uk\" target=\"_blank\">\n\t\t\t\t<img class=\"icon tick\" src...</a>","#col_1 > div:nth-child(3) > a:nth-child(2)"
"WCAG2AAA.Principle2.Guideline2_4.2_4_9.H30","Check that text of the link describes the purpose of the link.","notice","<a class=\"book-app\" href=\"https://patient.emisaccess.co.uk\" target=\"_blank\">\n\t\t\t\t<img class=\"icon tick\" src...</a>","#col_1 > div:nth-child(3) > a:nth-child(2)"
"WCAG2AAA.Principle3.Guideline3_2.3_2_5.H83.3","Check that this link's link text contains information indicating that the link will open in a new window.","warning","<a class=\"book-app\" href=\"https://patient.emisaccess.co.uk\" target=\"_blank\">\n\t\t\t\t<img class=\"icon tick\" src...</a>","#col_1 > div:nth-child(3) > a:nth-child(2)"
"WCAG2AAA.Principle1.Guideline1_1.1_1_1.H37","Img element missing an alt attribute. Use the alt attribute to specify a short text alternative.","error","<img class=\"icon tick\" src=\"https://www.gpwebsolutions-host.co.uk/custom_link_widget/px.gif\">","#col_1 > div:nth-child(3) > a:nth-child(2) > img"
"WCAG2AAA.Principle1.Guideline1_1.1_1_1.G73,G74","If this image cannot be fully described in a short text alternative, ensure a long text alternative is also available, such as in the body text or through a link.","notice","<img class=\"icon tick\" src=\"https://www.gpwebsolutions-host.co.uk/custom_link_widget/px.gif\">","#col_1 > div:nth-child(3) > a:nth-child(2) > img"
"WCAG2AAA.Principle1.Guideline1_4.1_4_6.G17.BgImage","This element's text is placed on a background image. Ensure the contrast ratio between the text and all covered parts of the image are at least 7:1.","warning","<a class=\"rep-pres\" href=\"https://patient.emisaccess.co.uk\" target=\"_blank\">\n\t\t\t\t<img class=\"icon pres\" src...</a>","#col_1 > div:nth-child(3) > a:nth-child(3)"
"WCAG2AAA.Principle2.Guideline2_4.2_4_9.H30","Check that text of the link describes the purpose of the link.","notice","<a class=\"rep-pres\" href=\"https://patient.emisaccess.co.uk\" target=\"_blank\">\n\t\t\t\t<img class=\"icon pres\" src...</a>","#col_1 > div:nth-child(3) > a:nth-child(3)"
"WCAG2AAA.Principle3.Guideline3_2.3_2_5.H83.3","Check that this link's link text contains information indicating that the link will open in a new window.","warning","<a class=\"rep-pres\" href=\"https://patient.emisaccess.co.uk\" target=\"_blank\">\n\t\t\t\t<img class=\"icon pres\" src...</a>","#col_1 > div:nth-child(3) > a:nth-child(3)"
"WCAG2AAA.Principle1.Guideline1_1.1_1_1.H37","Img element missing an alt attribute. Use the alt attribute to specify a short text alternative.","error","<img class=\"icon pres\" src=\"https://www.gpwebsolutions-host.co.uk/custom_link_widget/px.gif\">","#col_1 > div:nth-child(3) > a:nth-child(3) > img"
"WCAG2AAA.Principle1.Guideline1_1.1_1_1.G73,G74","If this image cannot be fully described in a short text alternative, ensure a long text alternative is also available, such as in the body text or through a link.","notice","<img class=\"icon pres\" src=\"https://www.gpwebsolutions-host.co.uk/custom_link_widget/px.gif\">","#col_1 > div:nth-child(3) > a:nth-child(3) > img"
"WCAG2AAA.Principle1.Guideline1_4.1_4_6.G17.BgImage","This element's text is placed on a background image. Ensure the contrast ratio between the text and all covered parts of the image are at least 7:1.","warning","<a class=\"register\" href=\"health-information\">\n\t\t\t\tOnline Health Information\n...</a>","#col_1 > div:nth-child(3) > a:nth-child(4)"
"WCAG2AAA.Principle2.Guideline2_4.2_4_9.H30","Check that text of the link describes the purpose of the link.","notice","<a class=\"register\" href=\"health-information\">\n\t\t\t\tOnline Health Information\n...</a>","#col_1 > div:nth-child(3) > a:nth-child(4)"
"WCAG2AAA.Principle1.Guideline1_4.1_4_6.G17.BgImage","This element's text is placed on a background image. Ensure the contrast ratio between the text and all covered parts of the image are at least 7:1.","warning","<a class=\"update\" href=\"local-services\">\n\t\t\t\t<img class=\"icon edit\" src...</a>","#col_1 > div:nth-child(3) > a:nth-child(5)"
"WCAG2AAA.Principle2.Guideline2_4.2_4_9.H30","Check that text of the link describes the purpose of the link.","notice","<a class=\"update\" href=\"local-services\">\n\t\t\t\t<img class=\"icon edit\" src...</a>","#col_1 > div:nth-child(3) > a:nth-child(5)"
"WCAG2AAA.Principle1.Guideline1_1.1_1_1.H37","Img element missing an alt attribute. Use the alt attribute to specify a short text alternative.","error","<img class=\"icon edit\" src=\"https://www.gpwebsolutions-host.co.uk/custom_link_widget/px.gif\">","#col_1 > div:nth-child(3) > a:nth-child(5) > img"
"WCAG2AAA.Principle1.Guideline1_1.1_1_1.G73,G74","If this image cannot be fully described in a short text alternative, ensure a long text alternative is also available, such as in the body text or through a link.","notice","<img class=\"icon edit\" src=\"https://www.gpwebsolutions-host.co.uk/custom_link_widget/px.gif\">","#col_1 > div:nth-child(3) > a:nth-child(5) > img"
"WCAG2AAA.Principle1.Guideline1_4.1_4_6.G17.BgImage","This element's text is placed on a background image. Ensure the contrast ratio between the text and all covered parts of the image are at least 7:1.","warning","<a class=\"reg-sms\" href=\"http://www.smart-survey.co.uk/v.asp?i=48937rwkuu\">\n\t\t\t\t<img class=\"icon sms\" src=...</a>","#col_1 > div:nth-child(3) > a:nth-child(6)"
"WCAG2AAA.Principle2.Guideline2_4.2_4_9.H30","Check that text of the link describes the purpose of the link.","notice","<a class=\"reg-sms\" href=\"http://www.smart-survey.co.uk/v.asp?i=48937rwkuu\">\n\t\t\t\t<img class=\"icon sms\" src=...</a>","#col_1 > div:nth-child(3) > a:nth-child(6)"
"WCAG2AAA.Principle1.Guideline1_1.1_1_1.H37","Img element missing an alt attribute. Use the alt attribute to specify a short text alternative.","error","<img class=\"icon sms\" src=\"https://www.gpwebsolutions-host.co.uk/custom_link_widget/px.gif\">","#col_1 > div:nth-child(3) > a:nth-child(6) > img"
"WCAG2AAA.Principle1.Guideline1_1.1_1_1.G73,G74","If this image cannot be fully described in a short text alternative, ensure a long text alternative is also available, such as in the body text or through a link.","notice","<img class=\"icon sms\" src=\"https://www.gpwebsolutions-host.co.uk/custom_link_widget/px.gif\">","#col_1 > div:nth-child(3) > a:nth-child(6) > img"
"WCAG2AAA.Principle1.Guideline1_4.1_4_6.G18.BgImage","This element's text is placed on a background image. Ensure the contrast ratio between the text and all covered parts of the image are at least 4.5:1.","warning","<h3 class=\"title\">Hanham Surgery</h3>","#col_2 > div:nth-child(1) > h3"
"WCAG2AAA.Principle1.Guideline1_4.1_4_6.G17.BgImage","This element's text is placed on a background image. Ensure the contrast ratio between the text and all covered parts of the image are at least 7:1.","warning","<p><span class=\"contacth\">Telephon...</p>","#col_2 > div:nth-child(1) > p:nth-child(2)"
"WCAG2AAA.Principle1.Guideline1_4.1_4_6.G17.BgImage","This element's text is placed on a background image. Ensure the contrast ratio between the text and all covered parts of the image are at least 7:1.","warning","<span class=\"contacth\">Telephone: </span>","#col_2 > div:nth-child(1) > p:nth-child(2) > span"
"WCAG2AAA.Principle1.Guideline1_4.1_4_6.G17.BgImage","This element's text is placed on a background image. Ensure the contrast ratio between the text and all covered parts of the image are at least 7:1.","warning","<p><span class=\"contacth\">Address:...</p>","#col_2 > div:nth-child(1) > p:nth-child(4)"
"WCAG2AAA.Principle1.Guideline1_4.1_4_6.G17.BgImage","This element's text is placed on a background image. Ensure the contrast ratio between the text and all covered parts of the image are at least 7:1.","warning","<span class=\"contacth\">Address: </span>","#col_2 > div:nth-child(1) > p:nth-child(4) > span"
"WCAG2AAA.Principle1.Guideline1_4.1_4_6.G18.BgImage","This element's text is placed on a background image. Ensure the contrast ratio between the text and all covered parts of the image are at least 4.5:1.","warning","<h3 class=\"title\">Oldland Surgery</h3>","#col_2 > div:nth-child(2) > h3"
"WCAG2AAA.Principle1.Guideline1_4.1_4_6.G17.BgImage","This element's text is placed on a background image. Ensure the contrast ratio between the text and all covered parts of the image are at least 7:1.","warning","<p><span class=\"contacth\">Telephon...</p>","#col_2 > div:nth-child(2) > p:nth-child(2)"
"WCAG2AAA.Principle1.Guideline1_4.1_4_6.G17.BgImage","This element's text is placed on a background image. Ensure the contrast ratio between the text and all covered parts of the image are at least 7:1.","warning","<span class=\"contacth\">Telephone: </span>","#col_2 > div:nth-child(2) > p:nth-child(2) > span"
"WCAG2AAA.Principle1.Guideline1_4.1_4_6.G17.BgImage","This element's text is placed on a background image. Ensure the contrast ratio between the text and all covered parts of the image are at least 7:1.","warning","<p><span class=\"contacth\">Address:...</p>","#col_2 > div:nth-child(2) > p:nth-child(4)"
"WCAG2AAA.Principle1.Guideline1_4.1_4_6.G17.BgImage","This element's text is placed on a background image. Ensure the contrast ratio between the text and all covered parts of the image are at least 7:1.","warning","<span class=\"contacth\">Address: </span>","#col_2 > div:nth-child(2) > p:nth-child(4) > span"
"WCAG2AAA.Principle1.Guideline1_4.1_4_6.G17.BgImage","This element's text is placed on a background image. Ensure the contrast ratio between the text and all covered parts of the image are at least 7:1.","warning","<div class=\"widget\"><h3 class=\"title\">Almondsbury S...</div>","#col_2 > div:nth-child(3)"
"WCAG2AAA.Principle1.Guideline1_4.1_4_6.G18.BgImage","This element's text is placed on a background image. Ensure the contrast ratio between the text and all covered parts of the image are at least 4.5:1.","warning","<h3 class=\"title\">Almondsbury Surgery</h3>","#col_2 > div:nth-child(3) > h3"
"WCAG2AAA.Principle1.Guideline1_4.1_4_6.G17.BgImage","This element's text is placed on a background image. Ensure the contrast ratio between the text and all covered parts of the image are at least 7:1.","warning","<a href=\"http://www.almondsburysurgery.nhs.uk/\">Click Here</a>","#col_2 > div:nth-child(3) > strong > a"
"WCAG2AAA.Principle2.Guideline2_4.2_4_9.H30","Check that text of the link describes the purpose of the link.","notice","<a href=\"http://www.almondsburysurgery.nhs.uk/\">Click Here</a>","#col_2 > div:nth-child(3) > strong > a"
"WCAG2AAA.Principle1.Guideline1_4.1_4_6.G18.BgImage","This element's text is placed on a background image. Ensure the contrast ratio between the text and all covered parts of the image are at least 4.5:1.","warning","<h3 class=\"title\">Friends and Family Test</h3>","#col_3 > div > div > h3"
"WCAG2AAA.Principle3.Guideline3_3.3_3_1.G83,G84,G85","If an input error is automatically detected in this form, check that the item(s) in error are identified and the error(s) are described to the user in text.","notice","<form enctype=\"multipart/form-data\" method=\"post\" class=\"frm-show-form  frm_pro_form \" id=\"form_vu6yak\">\n<div class=\"frm_form_fields \">...</form>","#form_vu6yak"
"WCAG2AAA.Principle3.Guideline3_3.3_3_2.G131,G89,G184,H90","Check that descriptive labels or instructions (including for required fields) are provided for user input in this form.","notice","<form enctype=\"multipart/form-data\" method=\"post\" class=\"frm-show-form  frm_pro_form \" id=\"form_vu6yak\">\n<div class=\"frm_form_fields \">...</form>","#form_vu6yak"
"WCAG2AAA.Principle3.Guideline3_3.3_3_3.G177","Check that this form provides suggested corrections to errors in user input, unless it would jeopardize the security or purpose of the content.","notice","<form enctype=\"multipart/form-data\" method=\"post\" class=\"frm-show-form  frm_pro_form \" id=\"form_vu6yak\">\n<div class=\"frm_form_fields \">...</form>","#form_vu6yak"
"WCAG2AAA.Principle3.Guideline3_3.3_3_5.G71,G184,G193","Check that context-sensitive help is available for this form, at a Web-page and/or control level.","notice","<form enctype=\"multipart/form-data\" method=\"post\" class=\"frm-show-form  frm_pro_form \" id=\"form_vu6yak\">\n<div class=\"frm_form_fields \">...</form>","#form_vu6yak"
"WCAG2AAA.Principle3.Guideline3_3.3_3_6.G98,G99,G155,G164,G168.AllForms","Check that submissions to this form are either reversible, checked for input errors, and/or confirmed by the user.","notice","<form enctype=\"multipart/form-data\" method=\"post\" class=\"frm-show-form  frm_pro_form \" id=\"form_vu6yak\">\n<div class=\"frm_form_fields \">...</form>","#form_vu6yak"
"WCAG2AAA.Principle1.Guideline1_3.1_3_1.H71.NoLegend","Fieldset does not contain a legend element. All fieldsets should contain a legend element that describes a description of the field group.","error","<fieldset>\n\n<div class=\"frm_fields_contai...</fieldset>","#form_vu6yak > div > fieldset"
"WCAG2AAA.Principle3.Guideline3_2.3_2_1.G107","Check that a change of context does not occur when this input field receives focus.","notice","<input type=\"hidden\" name=\"frm_action\" value=\"create\">","#form_vu6yak > div > fieldset > div > input:nth-child(1)"
"WCAG2AAA.Principle3.Guideline3_2.3_2_1.G107","Check that a change of context does not occur when this input field receives focus.","notice","<input type=\"hidden\" name=\"form_id\" value=\"18\">","#form_vu6yak > div > fieldset > div > input:nth-child(2)"
"WCAG2AAA.Principle3.Guideline3_2.3_2_1.G107","Check that a change of context does not occur when this input field receives focus.","notice","<input type=\"hidden\" name=\"frm_hide_fields_18\" id=\"frm_hide_fields_18\" value=\"\">","#frm_hide_fields_18"
"WCAG2AAA.Principle3.Guideline3_2.3_2_1.G107","Check that a change of context does not occur when this input field receives focus.","notice","<input type=\"hidden\" name=\"form_key\" value=\"vu6yak\">","#form_vu6yak > div > fieldset > div > input:nth-child(4)"
"WCAG2AAA.Principle3.Guideline3_2.3_2_1.G107","Check that a change of context does not occur when this input field receives focus.","notice","<input type=\"hidden\" name=\"item_meta[0]\" value=\"\">","#form_vu6yak > div > fieldset > div > input:nth-child(5)"
"WCAG2AAA.Principle3.Guideline3_2.3_2_1.G107","Check that a change of context does not occur when this input field receives focus.","notice","<input type=\"hidden\" id=\"frm_submit_entry_18\" name=\"frm_submit_entry_18\" value=\"39c15e8b0f\">","#frm_submit_entry_18"
"WCAG2AAA.Principle3.Guideline3_2.3_2_1.G107","Check that a change of context does not occur when this input field receives focus.","notice","<input type=\"hidden\" name=\"_wp_http_referer\" value=\"/\">","#form_vu6yak > div > fieldset > div > input:nth-child(7)"
"WCAG2AAA.Principle1.Guideline1_4.1_4_6.G17.BgImage","This element's text is placed on a background image. Ensure the contrast ratio between the text and all covered parts of the image are at least 7:1.","warning","<label for=\"frm_verify_18\" class=\"frm_screen_reader frm_hidden\">If you are human, leave this fi...</label>","#form_vu6yak > div > fieldset > div > label"
"WCAG2AAA.Principle3.Guideline3_2.3_2_1.G107","Check that a change of context does not occur when this input field receives focus.","notice","<input type=\"text\" class=\"frm_hidden frm_verify\" id=\"frm_verify_18\" name=\"frm_verify\" value=\"\">","#frm_verify_18"
"WCAG2AAA.Principle1.Guideline1_4.1_4_6.G17.BgImage","This element's text is placed on a background image. Ensure the contrast ratio between the text and all covered parts of the image are at least 7:1.","warning","<div id=\"frm_field_1047_container\" class=\"frm_form_field  frm_html_container form-field\">We would like you to think abou...</div>","#frm_field_1047_container"
"WCAG2AAA.Principle1.Guideline1_4.1_4_6.G17.BgImage","This element's text is placed on a background image. Ensure the contrast ratio between the text and all covered parts of the image are at least 7:1.","warning","<label class=\"frm_primary_label\">How likely are you to recommend...</label>","#frm_field_1048_container > label"
"WCAG2AAA.Principle1.Guideline1_4.1_4_6.G17.BgImage","This element's text is placed on a background image. Ensure the contrast ratio between the text and all covered parts of the image are at least 7:1.","warning","<label for=\"field_p06u6c-0\">\t\t<input type=\"radio\" name=\"ite...</label>","#frm_radio_1048-0 > label"
"WCAG2AAA.Principle3.Guideline3_2.3_2_1.G107","Check that a change of context does not occur when this input field receives focus.","notice","<input type=\"radio\" name=\"item_meta[1048]\" id=\"field_p06u6c-0\" value=\"Extremely likely\" data-invmsg=\"How likely are you to recommend our GP practice to friends and family if they needed similar care or treatment? is invalid\">","#field_p06u6c-0"
"WCAG2AAA.Principle1.Guideline1_4.1_4_6.G17.BgImage","This element's text is placed on a background image. Ensure the contrast ratio between the text and all covered parts of the image are at least 7:1.","warning","<label for=\"field_p06u6c-1\">\t\t<input type=\"radio\" name=\"ite...</label>","#frm_radio_1048-1 > label"
"WCAG2AAA.Principle3.Guideline3_2.3_2_1.G107","Check that a change of context does not occur when this input field receives focus.","notice","<input type=\"radio\" name=\"item_meta[1048]\" id=\"field_p06u6c-1\" value=\"Likely\" data-invmsg=\"How likely are you to recommend our GP practice to friends and family if they needed similar care or treatment? is invalid\">","#field_p06u6c-1"
"WCAG2AAA.Principle1.Guideline1_4.1_4_6.G17.BgImage","This element's text is placed on a background image. Ensure the contrast ratio between the text and all covered parts of the image are at least 7:1.","warning","<label for=\"field_p06u6c-2\">\t\t<input type=\"radio\" name=\"ite...</label>","#frm_radio_1048-2 > label"
"WCAG2AAA.Principle3.Guideline3_2.3_2_1.G107","Check that a change of context does not occur when this input field receives focus.","notice","<input type=\"radio\" name=\"item_meta[1048]\" id=\"field_p06u6c-2\" value=\"Neither likely nor unlikely\" data-invmsg=\"How likely are you to recommend our GP practice to friends and family if they needed similar care or treatment? is invalid\">","#field_p06u6c-2"
"WCAG2AAA.Principle1.Guideline1_4.1_4_6.G17.BgImage","This element's text is placed on a background image. Ensure the contrast ratio between the text and all covered parts of the image are at least 7:1.","warning","<label for=\"field_p06u6c-3\">\t\t<input type=\"radio\" name=\"ite...</label>","#frm_radio_1048-3 > label"
"WCAG2AAA.Principle3.Guideline3_2.3_2_1.G107","Check that a change of context does not occur when this input field receives focus.","notice","<input type=\"radio\" name=\"item_meta[1048]\" id=\"field_p06u6c-3\" value=\"Unlikely\" data-invmsg=\"How likely are you to recommend our GP practice to friends and family if they needed similar care or treatment? is invalid\">","#field_p06u6c-3"
"WCAG2AAA.Principle1.Guideline1_4.1_4_6.G17.BgImage","This element's text is placed on a background image. Ensure the contrast ratio between the text and all covered parts of the image are at least 7:1.","warning","<label for=\"field_p06u6c-4\">\t\t<input type=\"radio\" name=\"ite...</label>","#frm_radio_1048-4 > label"
"WCAG2AAA.Principle3.Guideline3_2.3_2_1.G107","Check that a change of context does not occur when this input field receives focus.","notice","<input type=\"radio\" name=\"item_meta[1048]\" id=\"field_p06u6c-4\" value=\"Extremely Unlikely\" data-invmsg=\"How likely are you to recommend our GP practice to friends and family if they needed similar care or treatment? is invalid\">","#field_p06u6c-4"
"WCAG2AAA.Principle1.Guideline1_4.1_4_6.G17.BgImage","This element's text is placed on a background image. Ensure the contrast ratio between the text and all covered parts of the image are at least 7:1.","warning","<label for=\"field_p06u6c-5\">\t\t<input type=\"radio\" name=\"ite...</label>","#frm_radio_1048-5 > label"
"WCAG2AAA.Principle3.Guideline3_2.3_2_1.G107","Check that a change of context does not occur when this input field receives focus.","notice","<input type=\"radio\" name=\"item_meta[1048]\" id=\"field_p06u6c-5\" value=\"Don't know\" data-invmsg=\"How likely are you to recommend our GP practice to friends and family if they needed similar care or treatment? is invalid\">","#field_p06u6c-5"
"WCAG2AAA.Principle1.Guideline1_4.1_4_6.G17.BgImage","This element's text is placed on a background image. Ensure the contrast ratio between the text and all covered parts of the image are at least 7:1.","warning","<label for=\"field_rdwcgn\" class=\"frm_primary_label\">If we could improve one particu...</label>","#frm_field_1049_container > label"
"WCAG2AAA.Principle3.Guideline3_2.3_2_1.G107","Check that a change of context does not occur when this input field receives focus.","notice","<textarea name=\"item_meta[1049]\" id=\"field_rdwcgn\" rows=\"5\" data-invmsg=\"If we could improve one particular part of the service what would it be? is invalid\" aria-describedby=\"frm_desc_field_rdwcgn\"></textarea>","#field_rdwcgn"
"WCAG2AAA.Principle1.Guideline1_4.1_4_6.G17.BgImage","This element's text is placed on a background image. Ensure the contrast ratio between the text and all covered parts of the image are at least 7:1.","warning","<div id=\"frm_desc_field_rdwcgn\" class=\"frm_description\">All feedback provided is anonym...</div>","#frm_desc_field_rdwcgn"
"WCAG2AAA.Principle1.Guideline1_4.1_4_6.G17.BgImage","This element's text is placed on a background image. Ensure the contrast ratio between the text and all covered parts of the image are at least 7:1.","warning","<label for=\"g-recaptcha-response\" class=\"frm_primary_label\">reCAPTCHA\n        <span class=\"...</label>","#frm_field_1338_container > label"
"WCAG2AAA.Principle3.Guideline3_2.3_2_1.G107","Check that a change of context does not occur when this input field receives focus.","notice","<textarea id=\"g-recaptcha-response\" name=\"g-recaptcha-response\" class=\"g-recaptcha-response\" style=\"width: 250px; height: 40px; border: 1px solid rgb(193, 193, 193); margin: 10px 25px; padding: 0px; resize: none; display: none;\"></textarea>","#g-recaptcha-response"
"WCAG2AAA.Principle1.Guideline1_3.1_3_1.H44.NonExistentFragment","This label's \"for\" attribute contains an ID that does not exist in the document fragment.","warning","<label for=\"field_tzpmz\" class=\"frm_primary_label\">Address\n        <span class=\"fr...</label>","#frm_field_1339_container > label"
"WCAG2AAA.Principle1.Guideline1_4.1_4_6.G17.BgImage","This element's text is placed on a background image. Ensure the contrast ratio between the text and all covered parts of the image are at least 7:1.","warning","<label for=\"field_tzpmz\" class=\"frm_primary_label\">Address\n        <span class=\"fr...</label>","#frm_field_1339_container > label"
"WCAG2AAA.Principle1.Guideline1_4.1_4_6.G17.BgImage","This element's text is placed on a background image. Ensure the contrast ratio between the text and all covered parts of the image are at least 7:1.","warning","<label for=\"field_tzpmz_line1\" class=\"frm_screen_reader frm_hidden\">\n\t\tAddress\t</label>","#frm_field_1339-line1_container > label"
"WCAG2AAA.Principle3.Guideline3_2.3_2_1.G107","Check that a change of context does not occur when this input field receives focus.","notice","<input type=\"text\" id=\"field_tzpmz_line1\" value=\"\" name=\"item_meta[1339][line1]\" data-invmsg=\"Address is invalid\" x-autocompletetype=\"address-line1\" autocompletetype=\"address-line1\">","#field_tzpmz_line1"
"WCAG2AAA.Principle1.Guideline1_4.1_4_6.G17.BgImage","This element's text is placed on a background image. Ensure the contrast ratio between the text and all covered parts of the image are at least 7:1.","warning","<label for=\"field_tzpmz_line2\" class=\"frm_screen_reader frm_hidden\">\n\t\tAddress\t</label>","#frm_field_1339-line2_container > label"
"WCAG2AAA.Principle3.Guideline3_2.3_2_1.G107","Check that a change of context does not occur when this input field receives focus.","notice","<input type=\"text\" id=\"field_tzpmz_line2\" value=\"\" name=\"item_meta[1339][line2]\" data-invmsg=\"Address is invalid\" class=\"frm_optional\" x-autocompletetype=\"address-line2\" autocompletetype=\"address-line2\">","#field_tzpmz_line2"
"WCAG2AAA.Principle1.Guideline1_4.1_4_6.G17.BgImage","This element's text is placed on a background image. Ensure the contrast ratio between the text and all covered parts of the image are at least 7:1.","warning","<label for=\"field_tzpmz_city\" class=\"frm_screen_reader frm_hidden\">\n\t\tCity\t</label>","#frm_field_1339-city_container > label"
"WCAG2AAA.Principle3.Guideline3_2.3_2_1.G107","Check that a change of context does not occur when this input field receives focus.","notice","<input type=\"text\" id=\"field_tzpmz_city\" value=\"\" name=\"item_meta[1339][city]\" data-invmsg=\"Address is invalid\" x-autocompletetype=\"city\" autocompletetype=\"city\">","#field_tzpmz_city"
"WCAG2AAA.Principle1.Guideline1_4.1_4_6.G17.BgImage","This element's text is placed on a background image. Ensure the contrast ratio between the text and all covered parts of the image are at least 7:1.","warning","<div class=\"frm_description\">City</div>","#frm_field_1339-city_container > div"
"WCAG2AAA.Principle1.Guideline1_4.1_4_6.G17.BgImage","This element's text is placed on a background image. Ensure the contrast ratio between the text and all covered parts of the image are at least 7:1.","warning","<label for=\"field_tzpmz_state\" class=\"frm_screen_reader frm_hidden\">\n\t\tState/Province\t</label>","#frm_field_1339-state_container > label"
"WCAG2AAA.Principle3.Guideline3_2.3_2_1.G107","Check that a change of context does not occur when this input field receives focus.","notice","<input type=\"text\" id=\"field_tzpmz_state\" value=\"\" name=\"item_meta[1339][state]\" data-invmsg=\"Address is invalid\" x-autocompletetype=\"state\" autocompletetype=\"state\">","#field_tzpmz_state"
"WCAG2AAA.Principle1.Guideline1_4.1_4_6.G17.BgImage","This element's text is placed on a background image. Ensure the contrast ratio between the text and all covered parts of the image are at least 7:1.","warning","<div class=\"frm_description\">State/Province</div>","#frm_field_1339-state_container > div"
"WCAG2AAA.Principle1.Guideline1_4.1_4_6.G17.BgImage","This element's text is placed on a background image. Ensure the contrast ratio between the text and all covered parts of the image are at least 7:1.","warning","<label for=\"field_tzpmz_zip\" class=\"frm_screen_reader frm_hidden\">\n\t\tZip/News Postal\t</label>","#frm_field_1339-zip_container > label"
"WCAG2AAA.Principle3.Guideline3_2.3_2_1.G107","Check that a change of context does not occur when this input field receives focus.","notice","<input type=\"text\" id=\"field_tzpmz_zip\" value=\"\" name=\"item_meta[1339][zip]\" data-invmsg=\"Address is invalid\" x-autocompletetype=\"postal-zip\" autocompletetype=\"postal-zip\">","#field_tzpmz_zip"
"WCAG2AAA.Principle1.Guideline1_4.1_4_6.G17.BgImage","This element's text is placed on a background image. Ensure the contrast ratio between the text and all covered parts of the image are at least 7:1.","warning","<div class=\"frm_description\">Zip/News Postal</div>","#frm_field_1339-zip_container > div"
"WCAG2AAA.Principle1.Guideline1_4.1_4_6.G17.BgImage","This element's text is placed on a background image. Ensure the contrast ratio between the text and all covered parts of the image are at least 7:1.","warning","<label for=\"field_tzpmz_country\" class=\"frm_screen_reader frm_hidden\">\n\t\tCountry\t</label>","#frm_field_1339-country_container > label"
"WCAG2AAA.Principle4.Guideline4_1.4_1_2.H91.Select.Value","This select element does not have an initially selected option. Depending on your HTML version, the value exposed to an accessibility API may be undefined.","warning","<select name=\"item_meta[1339][country]\" id=\"field_tzpmz_country\" data-invmsg=\"Address is invalid\" x-autocompletetype=\"country-name\" autocompletetype=\"country-name\">\n\t\t\t<option value=\"\">\n\t\t\t\t \t\t\t<...</select>","#field_tzpmz_country"
"WCAG2AAA.Principle1.Guideline1_3.1_3_1.H85.2","If this selection list contains groups of related options, they should be grouped with optgroup.","warning","<select name=\"item_meta[1339][country]\" id=\"field_tzpmz_country\" data-invmsg=\"Address is invalid\" x-autocompletetype=\"country-name\" autocompletetype=\"country-name\">\n\t\t\t<option value=\"\">\n\t\t\t\t \t\t\t<...</select>","#field_tzpmz_country"
"WCAG2AAA.Principle3.Guideline3_2.3_2_1.G107","Check that a change of context does not occur when this input field receives focus.","notice","<select name=\"item_meta[1339][country]\" id=\"field_tzpmz_country\" data-invmsg=\"Address is invalid\" x-autocompletetype=\"country-name\" autocompletetype=\"country-name\">\n\t\t\t<option value=\"\">\n\t\t\t\t \t\t\t<...</select>","#field_tzpmz_country"
"WCAG2AAA.Principle1.Guideline1_4.1_4_6.G17.BgImage","This element's text is placed on a background image. Ensure the contrast ratio between the text and all covered parts of the image are at least 7:1.","warning","<div class=\"frm_description\">Country</div>","#frm_field_1339-country_container > div"
"WCAG2AAA.Principle1.Guideline1_4.1_4_6.G17.BgImage","This element's text is placed on a background image. Ensure the contrast ratio between the text and all covered parts of the image are at least 7:1.","warning","<label for=\"field_hcjcc\" class=\"frm_primary_label\">Email Address\n        <span cla...</label>","#frm_field_1340_container > label"
"WCAG2AAA.Principle3.Guideline3_2.3_2_1.G107","Check that a change of context does not occur when this input field receives focus.","notice","<input type=\"email\" id=\"field_hcjcc\" name=\"item_meta[1340]\" value=\"\" data-invmsg=\"Email Address is invalid\">","#field_hcjcc"
"WCAG2AAA.Principle3.Guideline3_2.3_2_1.G107","Check that a change of context does not occur when this input field receives focus.","notice","<input type=\"hidden\" name=\"item_key\" value=\"\">","#form_vu6yak > div > fieldset > div > input:nth-child(16)"
"WCAG2AAA.Principle4.Guideline4_1.4_1_2.H91.InputText.Name","This text input element does not have a name available to an accessibility API. Valid names are: label element, title attribute, aria-label attribute, aria-labelledby attribute.","error","<input type=\"text\" name=\"firstname_hnypt\" id=\"firstname_hnypt\" value=\"\">","#firstname_hnypt"
"WCAG2AAA.Principle1.Guideline1_3.1_3_1.F68","This form field should be labelled in some way. Use the label element (either with a \"for\" attribute or wrapped around the form field), or \"title\", \"aria-label\" or \"aria-labelledby\" attributes as appropriate.","error","<input type=\"text\" name=\"firstname_hnypt\" id=\"firstname_hnypt\" value=\"\">","#firstname_hnypt"
"WCAG2AAA.Principle3.Guideline3_2.3_2_1.G107","Check that a change of context does not occur when this input field receives focus.","notice","<input type=\"text\" name=\"firstname_hnypt\" id=\"firstname_hnypt\" value=\"\">","#firstname_hnypt"
"WCAG2AAA.Principle3.Guideline3_2.3_2_1.G107","Check that a change of context does not occur when this input field receives focus.","notice","<input type=\"submit\" value=\"Submit\" class=\"frm_final_submit\" formnovalidate=\"formnovalidate\">","#form_vu6yak > div > fieldset > div > div:nth-child(18) > input"
"WCAG2AAA.Principle1.Guideline1_1.1_1_1.G94.Image","Ensure that the img element's alt text serves the same purpose and presents the same information as the image.","notice","<img class=\"frm_ajax_loading\" src=\"http://www.hanhamhealth.co.uk/wp-content/plugins/formidable/images/ajax_loader.gif\" alt=\"Sending\" style=\"visibility:hidden;\">","#form_vu6yak > div > fieldset > div > div:nth-child(18) > img"
"WCAG2AAA.Principle1.Guideline1_1.1_1_1.G73,G74","If this image cannot be fully described in a short text alternative, ensure a long text alternative is also available, such as in the body text or through a link.","notice","<img class=\"frm_ajax_loading\" src=\"http://www.hanhamhealth.co.uk/wp-content/plugins/formidable/images/ajax_loader.gif\" alt=\"Sending\" style=\"visibility:hidden;\">","#form_vu6yak > div > fieldset > div > div:nth-child(18) > img"
"WCAG2AAA.Principle1.Guideline1_3.1_3_1.H48","If this element contains a navigation section, it is recommended that it be marked up as a list.","warning","<div id=\"linkbar\">\n\n             \n            <a ...</div>","#linkbar"
"WCAG2AAA.Principle2.Guideline2_4.2_4_9.H30","Check that text of the link describes the purpose of the link.","notice","<a href=\"http://www.nhs.uk/111\" target=\"_blank\">\n\t\t\t\t\t\t<img src=\"http://www.gpw...</a>","#linkbar > a:nth-child(1)"
"WCAG2AAA.Principle3.Guideline3_2.3_2_5.H83.3","Check that this link's link text contains information indicating that the link will open in a new window.","warning","<a href=\"http://www.nhs.uk/111\" target=\"_blank\">\n\t\t\t\t\t\t<img src=\"http://www.gpw...</a>","#linkbar > a:nth-child(1)"
"WCAG2AAA.Principle1.Guideline1_1.1_1_1.G94.Image","Ensure that the img element's alt text serves the same purpose and presents the same information as the image.","notice","<img src=\"http://www.gpwebsolutions-host.co.uk/wp-content/themes/GPWS 2013/gfx/nhsdirect.png\" alt=\"Footer link\">","#linkbar > a:nth-child(1) > img"
"WCAG2AAA.Principle1.Guideline1_1.1_1_1.G73,G74","If this image cannot be fully described in a short text alternative, ensure a long text alternative is also available, such as in the body text or through a link.","notice","<img src=\"http://www.gpwebsolutions-host.co.uk/wp-content/themes/GPWS 2013/gfx/nhsdirect.png\" alt=\"Footer link\">","#linkbar > a:nth-child(1) > img"
"WCAG2AAA.Principle2.Guideline2_4.2_4_9.H30","Check that text of the link describes the purpose of the link.","notice","<a href=\"http://www.nhs.uk/choiceintheNHS/Rightsandpledges/NHSConstitution/Pages/Overview.aspx\" target=\"_blank\">\n\t\t\t\t\t\t<img src=\"http://www.gpw...</a>","#linkbar > a:nth-child(2)"
"WCAG2AAA.Principle3.Guideline3_2.3_2_5.H83.3","Check that this link's link text contains information indicating that the link will open in a new window.","warning","<a href=\"http://www.nhs.uk/choiceintheNHS/Rightsandpledges/NHSConstitution/Pages/Overview.aspx\" target=\"_blank\">\n\t\t\t\t\t\t<img src=\"http://www.gpw...</a>","#linkbar > a:nth-child(2)"
"WCAG2AAA.Principle1.Guideline1_1.1_1_1.G94.Image","Ensure that the img element's alt text serves the same purpose and presents the same information as the image.","notice","<img src=\"http://www.gpwebsolutions-host.co.uk/wp-content/themes/GPWS 2013/gfx/nhsconstitution.png\" alt=\"Footer link\">","#linkbar > a:nth-child(2) > img"
"WCAG2AAA.Principle1.Guideline1_1.1_1_1.G73,G74","If this image cannot be fully described in a short text alternative, ensure a long text alternative is also available, such as in the body text or through a link.","notice","<img src=\"http://www.gpwebsolutions-host.co.uk/wp-content/themes/GPWS 2013/gfx/nhsconstitution.png\" alt=\"Footer link\">","#linkbar > a:nth-child(2) > img"
"WCAG2AAA.Principle2.Guideline2_4.2_4_9.H30","Check that text of the link describes the purpose of the link.","notice","<a href=\"http://www.cqc.org.uk/\" target=\"_blank\">\n\t\t\t\t\t\t<img src=\"http://www.gpw...</a>","#linkbar > a:nth-child(3)"
"WCAG2AAA.Principle3.Guideline3_2.3_2_5.H83.3","Check that this link's link text contains information indicating that the link will open in a new window.","warning","<a href=\"http://www.cqc.org.uk/\" target=\"_blank\">\n\t\t\t\t\t\t<img src=\"http://www.gpw...</a>","#linkbar > a:nth-child(3)"
"WCAG2AAA.Principle1.Guideline1_1.1_1_1.G94.Image","Ensure that the img element's alt text serves the same purpose and presents the same information as the image.","notice","<img src=\"http://www.gpwebsolutions-host.co.uk/wp-content/themes/GPWS 2013/gfx/cqc.png\" alt=\"Footer link\">","#linkbar > a:nth-child(3) > img"
"WCAG2AAA.Principle1.Guideline1_1.1_1_1.G73,G74","If this image cannot be fully described in a short text alternative, ensure a long text alternative is also available, such as in the body text or through a link.","notice","<img src=\"http://www.gpwebsolutions-host.co.uk/wp-content/themes/GPWS 2013/gfx/cqc.png\" alt=\"Footer link\">","#linkbar > a:nth-child(3) > img"
"WCAG2AAA.Principle1.Guideline1_4.1_4_6.G17.Fail","This element has insufficient contrast at this conformance level. Expected a contrast ratio of at least 7:1, but text in this element has a contrast ratio of 2.15:1. Recommendation: change background to #625a00.","error","<div class=\"ccg\">We are part of<a href=\"https://...</div>","#linkbar > div"
"WCAG2AAA.Principle1.Guideline1_4.1_4_6.G17.Fail","This element has insufficient contrast at this conformance level. Expected a contrast ratio of at least 7:1, but text in this element has a contrast ratio of 2.15:1. Recommendation: change background to #625a00.","error","<a href=\"https://www.southgloucestershireccg.nhs.uk/\" target=\"_blank\">South Gloucestershire CCG</a>","#linkbar > div > a"
"WCAG2AAA.Principle2.Guideline2_4.2_4_9.H30","Check that text of the link describes the purpose of the link.","notice","<a href=\"https://www.southgloucestershireccg.nhs.uk/\" target=\"_blank\">South Gloucestershire CCG</a>","#linkbar > div > a"
"WCAG2AAA.Principle3.Guideline3_2.3_2_5.H83.3","Check that this link's link text contains information indicating that the link will open in a new window.","warning","<a href=\"https://www.southgloucestershireccg.nhs.uk/\" target=\"_blank\">South Gloucestershire CCG</a>","#linkbar > div > a"
"WCAG2AAA.Principle1.Guideline1_4.1_4_6.G17.Fail","This element has insufficient contrast at this conformance level. Expected a contrast ratio of at least 7:1, but text in this element has a contrast ratio of 2.15:1. Recommendation: change background to #625a00.","error","<a href=\"http://www.hanhamhealth.co.uk/fft/\">Friends and Family Test</a>","#container > footer > ul > li:nth-child(1) > a"
"WCAG2AAA.Principle2.Guideline2_4.2_4_9.H30","Check that text of the link describes the purpose of the link.","notice","<a href=\"http://www.hanhamhealth.co.uk/fft/\">Friends and Family Test</a>","#container > footer > ul > li:nth-child(1) > a"
"WCAG2AAA.Principle1.Guideline1_4.1_4_6.G17.Fail","This element has insufficient contrast at this conformance level. Expected a contrast ratio of at least 7:1, but text in this element has a contrast ratio of 2.15:1. Recommendation: change background to #625a00.","error","<a href=\"http://www.hanhamhealth.co.uk/our-services/\">Our Services</a>","#container > footer > ul > li:nth-child(2) > a"
"WCAG2AAA.Principle2.Guideline2_4.2_4_9.H30","Check that text of the link describes the purpose of the link.","notice","<a href=\"http://www.hanhamhealth.co.uk/our-services/\">Our Services</a>","#container > footer > ul > li:nth-child(2) > a"
"WCAG2AAA.Principle1.Guideline1_4.1_4_6.G17.Fail","This element has insufficient contrast at this conformance level. Expected a contrast ratio of at least 7:1, but text in this element has a contrast ratio of 2.15:1. Recommendation: change background to #625a00.","error","<a href=\"http://www.hanhamhealth.co.uk/news/\">News</a>","#container > footer > ul > li:nth-child(3) > a"
"WCAG2AAA.Principle2.Guideline2_4.2_4_9.H30","Check that text of the link describes the purpose of the link.","notice","<a href=\"http://www.hanhamhealth.co.uk/news/\">News</a>","#container > footer > ul > li:nth-child(3) > a"
"WCAG2AAA.Principle1.Guideline1_4.1_4_6.G17.Fail","This element has insufficient contrast at this conformance level. Expected a contrast ratio of at least 7:1, but text in this element has a contrast ratio of 2.15:1. Recommendation: change background to #625a00.","error","<a href=\"http://www.hanhamhealth.co.uk/about-us/\">About Us</a>","#container > footer > ul > li:nth-child(4) > a"
"WCAG2AAA.Principle2.Guideline2_4.2_4_9.H30","Check that text of the link describes the purpose of the link.","notice","<a href=\"http://www.hanhamhealth.co.uk/about-us/\">About Us</a>","#container > footer > ul > li:nth-child(4) > a"
"WCAG2AAA.Principle1.Guideline1_4.1_4_6.G17.Fail","This element has insufficient contrast at this conformance level. Expected a contrast ratio of at least 7:1, but text in this element has a contrast ratio of 2.15:1. Recommendation: change background to #625a00.","error","<a href=\"http://www.hanhamhealth.co.uk/the-team/\">The Team</a>","#container > footer > ul > li:nth-child(5) > a"
"WCAG2AAA.Principle2.Guideline2_4.2_4_9.H30","Check that text of the link describes the purpose of the link.","notice","<a href=\"http://www.hanhamhealth.co.uk/the-team/\">The Team</a>","#container > footer > ul > li:nth-child(5) > a"
"WCAG2AAA.Principle1.Guideline1_4.1_4_6.G17.Fail","This element has insufficient contrast at this conformance level. Expected a contrast ratio of at least 7:1, but text in this element has a contrast ratio of 2.15:1. Recommendation: change background to #625a00.","error","<a href=\"http://www.hanhamhealth.co.uk/online-services/\">Online Services</a>","#container > footer > ul > li:nth-child(6) > a"
"WCAG2AAA.Principle2.Guideline2_4.2_4_9.H30","Check that text of the link describes the purpose of the link.","notice","<a href=\"http://www.hanhamhealth.co.uk/online-services/\">Online Services</a>","#container > footer > ul > li:nth-child(6) > a"
"WCAG2AAA.Principle1.Guideline1_4.1_4_6.G17.Fail","This element has insufficient contrast at this conformance level. Expected a contrast ratio of at least 7:1, but text in this element has a contrast ratio of 2.15:1. Recommendation: change background to #625a00.","error","<a href=\"http://www.hanhamhealth.co.uk/health-information/\">Health advice &amp; Self Care</a>","#container > footer > ul > li:nth-child(7) > a"
"WCAG2AAA.Principle2.Guideline2_4.2_4_9.H30","Check that text of the link describes the purpose of the link.","notice","<a href=\"http://www.hanhamhealth.co.uk/health-information/\">Health advice &amp; Self Care</a>","#container > footer > ul > li:nth-child(7) > a"
"WCAG2AAA.Principle1.Guideline1_4.1_4_6.G17.Fail","This element has insufficient contrast at this conformance level. Expected a contrast ratio of at least 7:1, but text in this element has a contrast ratio of 2.15:1. Recommendation: change background to #625a00.","error","<a href=\"http://www.hanhamhealth.co.uk/contact/\">Contact</a>","#container > footer > ul > li:nth-child(8) > a"
"WCAG2AAA.Principle2.Guideline2_4.2_4_9.H30","Check that text of the link describes the purpose of the link.","notice","<a href=\"http://www.hanhamhealth.co.uk/contact/\">Contact</a>","#container > footer > ul > li:nth-child(8) > a"
"WCAG2AAA.Principle1.Guideline1_4.1_4_6.G17.Abs","This element is absolutely positioned and the background color can not be determined. Ensure the contrast ratio between the text and all covered parts of the background are at least 7:1.","warning","<div class=\"left\"> © 2019<a href=\"http://www.hanh...</div>","#container > footer > div:nth-child(3)"
"WCAG2AAA.Principle1.Guideline1_3.1_3_1.H48","If this element contains a navigation section, it is recommended that it be marked up as a list.","warning","<div class=\"left\"> © 2019<a href=\"http://www.hanh...</div>","#container > footer > div:nth-child(3)"
"WCAG2AAA.Principle1.Guideline1_4.1_4_6.G17.Abs","This element is absolutely positioned and the background color can not be determined. Ensure the contrast ratio between the text and all covered parts of the background are at least 7:1.","warning","<a href=\"http://www.hanhamhealth.co.uk/\" title=\"Hanham Health\"> Hanham Health</a>","#container > footer > div:nth-child(3) > a:nth-child(1)"
"WCAG2AAA.Principle2.Guideline2_4.2_4_9.H30","Check that text of the link describes the purpose of the link.","notice","<a href=\"http://www.hanhamhealth.co.uk/\" title=\"Hanham Health\"> Hanham Health</a>","#container > footer > div:nth-child(3) > a:nth-child(1)"
"WCAG2AAA.Principle1.Guideline1_4.1_4_6.G17.Abs","This element is absolutely positioned and the background color can not be determined. Ensure the contrast ratio between the text and all covered parts of the background are at least 7:1.","warning","<a href=\"http://www.hanhamhealth.co.uk/disclaimer\" title=\"Hanham Health\">Disclaimer</a>","#container > footer > div:nth-child(3) > a:nth-child(2)"
"WCAG2AAA.Principle2.Guideline2_4.2_4_9.H30","Check that text of the link describes the purpose of the link.","notice","<a href=\"http://www.hanhamhealth.co.uk/disclaimer\" title=\"Hanham Health\">Disclaimer</a>","#container > footer > div:nth-child(3) > a:nth-child(2)"
"WCAG2AAA.Principle1.Guideline1_4.1_4_6.G17.Abs","This element is absolutely positioned and the background color can not be determined. Ensure the contrast ratio between the text and all covered parts of the background are at least 7:1.","warning","<a href=\"\t\thttp://analytics.gpwebsolutions.co.uk/index.php?module=CoreAdminHome&amp;action=optOut&amp;language=en\"> Cookies </a>","#container > footer > div:nth-child(3) > a:nth-child(3)"
"WCAG2AAA.Principle2.Guideline2_4.2_4_9.H30","Check that text of the link describes the purpose of the link.","notice","<a href=\"\t\thttp://analytics.gpwebsolutions.co.uk/index.php?module=CoreAdminHome&amp;action=optOut&amp;language=en\"> Cookies </a>","#container > footer > div:nth-child(3) > a:nth-child(3)"
"WCAG2AAA.Principle1.Guideline1_4.1_4_6.G17.Abs","This element is absolutely positioned and the background color can not be determined. Ensure the contrast ratio between the text and all covered parts of the background are at least 7:1.","warning","<a target=\"_BLANK\" href=\"http://extranet.hanhamhealth.co.uk\"> Hanham Health Staff Extranet </a>","#container > footer > div:nth-child(3) > a:nth-child(4)"
"WCAG2AAA.Principle2.Guideline2_4.2_4_9.H30","Check that text of the link describes the purpose of the link.","notice","<a target=\"_BLANK\" href=\"http://extranet.hanhamhealth.co.uk\"> Hanham Health Staff Extranet </a>","#container > footer > div:nth-child(3) > a:nth-child(4)"
"WCAG2AAA.Principle2.Guideline2_4.2_4_9.H30","Check that text of the link describes the purpose of the link.","notice","<a href=\"http://www.gpwebsolutions.co.uk?refer=676\" target=\"_blank\"><img src=\"http://www.gpwebsolut...</a>","#container > footer > div:nth-child(4) > a"
"WCAG2AAA.Principle3.Guideline3_2.3_2_5.H83.3","Check that this link's link text contains information indicating that the link will open in a new window.","warning","<a href=\"http://www.gpwebsolutions.co.uk?refer=676\" target=\"_blank\"><img src=\"http://www.gpwebsolut...</a>","#container > footer > div:nth-child(4) > a"
"WCAG2AAA.Principle1.Guideline1_1.1_1_1.G94.Image","Ensure that the img element's alt text serves the same purpose and presents the same information as the image.","notice","<img src=\"http://www.gpwebsolutions-host.co.uk/wp-content/themes/GPWS 2013/gfx/bygpwebnew.png\" alt=\"Powered by GP Web Solutions\">","#container > footer > div:nth-child(4) > a > img"
"WCAG2AAA.Principle1.Guideline1_1.1_1_1.G73,G74","If this image cannot be fully described in a short text alternative, ensure a long text alternative is also available, such as in the body text or through a link.","notice","<img src=\"http://www.gpwebsolutions-host.co.uk/wp-content/themes/GPWS 2013/gfx/bygpwebnew.png\" alt=\"Powered by GP Web Solutions\">","#container > footer > div:nth-child(4) > a > img"
"WCAG2AAA.Principle2.Guideline2_4.2_4_8.H59.1","Link elements can only be located in the head section of the document.","error","<link rel=\"stylesheet\" id=\"notifybar-css\" href=\"http://www.hanhamhealth.co.uk/wp-content/plugins/notification-bar/css/notifybar.css?ver=394\" type=\"text/css\" media=\"all\">","#notifybar-css"
"WCAG2AAA.Principle1.Guideline1_1.1_1_1.G94.Image","Ensure that the img element's alt text serves the same purpose and presents the same information as the image.","notice","<img src=\"https://www.gstatic.com/images/branding/product/1x/translate_24dp.png\" width=\"20\" height=\"20\" alt=\"Google 翻译\">","#goog-gt-tt > div:nth-child(1) > div > div > img"
"WCAG2AAA.Principle1.Guideline1_1.1_1_1.G73,G74","If this image cannot be fully described in a short text alternative, ensure a long text alternative is also available, such as in the body text or through a link.","notice","<img src=\"https://www.gstatic.com/images/branding/product/1x/translate_24dp.png\" width=\"20\" height=\"20\" alt=\"Google 翻译\">","#goog-gt-tt > div:nth-child(1) > div > div > img"
"WCAG2AAA.Principle1.Guideline1_4.1_4_3_F24.F24.BGColour","Check that this element has an inherited foreground colour to complement the corresponding inline background colour or image.","warning","<div style=\"background-color: rgb(255, 255, 255); border: 1px solid rgb(204, 204, 204); box-shadow: rgba(0, 0, 0, 0.2) 2px 2px 3px; position: absolute; transition: visibility 0s linear 0.3s, opacity 0.3s linear; -webkit-transition: visibility 0s line...","html > body > div:nth-child(5)"
"WCAG2AAA.Principle1.Guideline1_4.1_4_3_F24.F24.BGColour","Check that this element has an inherited foreground colour to complement the corresponding inline background colour or image.","warning","<div style=\"width: 100%; height: 100%; position: fixed; top: 0px; left: 0px; z-index: 2000000000; background-color: rgb(255, 255, 255); opacity: 0.05;\"></div>","html > body > div:nth-child(5) > div:nth-child(1)"
"WCAG2AAA.Principle2.Guideline2_4.2_4_1.H64.2","Check that the title attribute of this element contains text that identifies the frame.","notice","<iframe title=\"recaptcha challenge\" src=\"https://www.google.com/recaptcha/api2/bframe?hl=en&amp;v=v1562567553145&amp;k=6Lc5JREUAAAAAFgljSAZ82uymIW2P0o9n8sflTwy&amp;cb=hno47ls8stks\" name=\"c-87fmh9pfprba\" frameborder=\"0\" scrolling=\"no\" sandbox=\"allow-f...","html > body > div:nth-child(5) > div:nth-child(4) > iframe"
"WCAG2AAA.Principle2.Guideline2_4.2_4_1.H64.1","Iframe element requires a non-empty title attribute that identifies the frame.","error","<iframe id=\":0.container\" frameborder=\"0\" src=\"javascript:''\" class=\"goog-te-ftab-frame skiptranslate\" style=\"visibility: visible; box-sizing: content-box; width: 59px; height: 24px;\"></iframe>","#:0.container"
"WCAG2AAA.Principle2.Guideline2_4.2_4_1.H64.2","Check that the title attribute of this element contains text that identifies the frame.","notice","<iframe frameborder=\"0\" class=\"goog-te-menu-frame skiptranslate\" title=\"语言翻译微件\" style=\"visibility: visible; box-sizing: content-box; width: 915px; height: 263px; display: none;\"></iframe>","html > body > iframe:nth-child(8)"
"WCAG2AAA.Principle2.Guideline2_4.2_4_1.H64.2","Check that the title attribute of this element contains text that identifies the frame.","notice","<iframe frameborder=\"0\" class=\"goog-te-menu-frame skiptranslate\" title=\"语言翻译微件\" style=\"visibility: visible; box-sizing: content-box; width: 135px; height: 69px; display: none;\"></iframe>","html > body > iframe:nth-child(9)"