"code","message","type","context","selector"
"WCAG2AAA.Principle2.Guideline2_4.2_4_2.H25.2","Check that the title element describes the document.","notice","<title>\n\tFowey River Practice - Inform...</title>","#ctl00_Head1 > title"
"WCAG2AAA.Principle2.Guideline2_4.2_4_8.H59.2b","Link element is missing a non-empty href attribute pointing to the resource being linked.","error","<link id=\"ctl00_tinymce\" type=\"text/css\" rel=\"stylesheet\">","#ctl00_tinymce"
"WCAG2AAA.Principle3.Guideline3_2.3_2_2.H32.2","This form does not contain a submit button, which creates issues for those who cannot submit the form using the keyboard. Submit buttons are INPUT elements with type attribute \"submit\" or \"image\", or BUTTON elements with type \"submit\" or omitted/invalid.","error","<form method=\"post\" action=\"./\" id=\"aspnetForm\">\n<input type=\"hidden\" name=\"__V...</form>","#aspnetForm"
"WCAG2AAA.Principle3.Guideline3_3.3_3_1.G83,G84,G85","If an input error is automatically detected in this form, check that the item(s) in error are identified and the error(s) are described to the user in text.","notice","<form method=\"post\" action=\"./\" id=\"aspnetForm\">\n<input type=\"hidden\" name=\"__V...</form>","#aspnetForm"
"WCAG2AAA.Principle3.Guideline3_3.3_3_2.G131,G89,G184,H90","Check that descriptive labels or instructions (including for required fields) are provided for user input in this form.","notice","<form method=\"post\" action=\"./\" id=\"aspnetForm\">\n<input type=\"hidden\" name=\"__V...</form>","#aspnetForm"
"WCAG2AAA.Principle3.Guideline3_3.3_3_3.G177","Check that this form provides suggested corrections to errors in user input, unless it would jeopardize the security or purpose of the content.","notice","<form method=\"post\" action=\"./\" id=\"aspnetForm\">\n<input type=\"hidden\" name=\"__V...</form>","#aspnetForm"
"WCAG2AAA.Principle3.Guideline3_3.3_3_5.G71,G184,G193","Check that context-sensitive help is available for this form, at a Web-page and/or control level.","notice","<form method=\"post\" action=\"./\" id=\"aspnetForm\">\n<input type=\"hidden\" name=\"__V...</form>","#aspnetForm"
"WCAG2AAA.Principle3.Guideline3_3.3_3_6.G98,G99,G155,G164,G168.AllForms","Check that submissions to this form are either reversible, checked for input errors, and/or confirmed by the user.","notice","<form method=\"post\" action=\"./\" id=\"aspnetForm\">\n<input type=\"hidden\" name=\"__V...</form>","#aspnetForm"
"WCAG2AAA.Principle3.Guideline3_2.3_2_1.G107","Check that a change of context does not occur when this input field receives focus.","notice","<input type=\"hidden\" name=\"__VIEWSTATE\" id=\"__VIEWSTATE\" value=\"nI/45+BV46AW6502Rx1fX4m66TJ5XD4jlEu+kmmm5p/NoP0ynTshm6LdwGMMlMSjwLzW5BCP2XRDMhFCWoFOqYBBRmLCBq2cWCvA87kkl4s=\">","#__VIEWSTATE"
"WCAG2AAA.Principle3.Guideline3_2.3_2_1.G107","Check that a change of context does not occur when this input field receives focus.","notice","<input type=\"hidden\" name=\"__VIEWSTATEGENERATOR\" id=\"__VIEWSTATEGENERATOR\" value=\"90059987\">","#__VIEWSTATEGENERATOR"
"WCAG2AAA.Principle3.Guideline3_2.3_2_1.G107","Check that a change of context does not occur when this input field receives focus.","notice","<input type=\"hidden\" name=\"__EVENTVALIDATION\" id=\"__EVENTVALIDATION\" value=\"G9Uh24jmFRlmF2VtGdSm0THJYXKq8sC1jzvjqSVwW1QSzK+URi45wROdc5rXNP0oQPXudJ+newlvJMR8MeprACw3H/oCTb9bxEFZSNLQ9HM4U7BZU58qCZRjYcF4fQaazmJzD3oN5sTlw9Q3KbI5KA==\">","#__EVENTVALIDATION"
"WCAG2AAA.Principle1.Guideline1_4.1_4_6.G17.BgImage","This element's text is placed on a background image. Ensure the contrast ratio between the text and all covered parts of the image are at least 7:1.","warning","<div class=\"eucookieq\">\n                    This websi...</div>","#ctl00_eucookie > div > div:nth-child(1)"
"WCAG2AAA.Principle3.Guideline3_2.3_2_1.G107","Check that a change of context does not occur when this input field receives focus.","notice","<input type=\"button\" name=\"ctl00$buttonEUCookieYes\" value=\"continue\" onclick=\"javascript:__doPostBack('ctl00$buttonEUCookieYes','')\" id=\"ctl00_buttonEUCookieYes\" accesskey=\"c\" class=\"eucookiego\">","#ctl00_buttonEUCookieYes"
"WCAG2AAA.Principle3.Guideline3_2.3_2_1.G107","Check that a change of context does not occur when this input field receives focus.","notice","<input type=\"button\" name=\"ctl00$buttonEUCookieMore\" value=\"learn more\" onclick=\"javascript:__doPostBack('ctl00$buttonEUCookieMore','')\" id=\"ctl00_buttonEUCookieMore\" class=\"eucookiego\">","#ctl00_buttonEUCookieMore"
"WCAG2AAA.Principle1.Guideline1_4.1_4_3_F24.F24.BGColour","Check that this element has an inherited foreground colour to complement the corresponding inline background colour or image.","warning","<div id=\"ctl00_header\" class=\"header\" style=\"background: #fff url(/website/L82035/header/med16.jpg) no-repeat left top;\" title=\"Fowey River Practice\"><div onclick=\"document.location...</div>","#ctl00_header"
"WCAG2AAA.Principle1.Guideline1_4.1_4_3_F24.F24.BGColour","Check that this element has an inherited foreground colour to complement the corresponding inline background colour or image.","warning","<div onclick=\"document.location.href='https://www.foweyriverpractice.co.uk:80'\" style=\"cursor: pointer;width: 100%; height: 100%; background-color:Transparent;\"><div class=\"pracName\">&nbsp;</d...</div>","#ctl00_header > div"
"WCAG2AAA.Principle2.Guideline2_1.2_1_1.G90","Ensure the functionality provided by an event handler for this element is available through the keyboard","warning","<div onclick=\"document.location.href='https://www.foweyriverpractice.co.uk:80'\" style=\"cursor: pointer;width: 100%; height: 100%; background-color:Transparent;\"><div class=\"pracName\">&nbsp;</d...</div>","#ctl00_header > div"
"WCAG2AAA.Principle2.Guideline2_4.2_4_9.H30","Check that text of the link describes the purpose of the link.","notice","<a href=\"contact1.aspx?p=L82035\" title=\"Full contact details\"><p>Fowey Surgery<br><b>Tel: 017...</a>","#ctl00_addressBox > a"
"WCAG2AAA.Principle1.Guideline1_4.1_4_6.G17.BgImage","This element's text is placed on a background image. Ensure the contrast ratio between the text and all covered parts of the image are at least 7:1.","warning","<p>Fowey Surgery<br><b>Tel: 01726 ...</p>","#ctl00_addressBox > a > p:nth-child(1)"
"WCAG2AAA.Principle1.Guideline1_4.1_4_6.G17.BgImage","This element's text is placed on a background image. Ensure the contrast ratio between the text and all covered parts of the image are at least 7:1.","warning","<b>Tel: 01726 829272</b>","#ctl00_addressBox > a > p:nth-child(1) > b"
"WCAG2AAA.Principle1.Guideline1_4.1_4_6.G17.BgImage","This element's text is placed on a background image. Ensure the contrast ratio between the text and all covered parts of the image are at least 7:1.","warning","<p>Par Health Centre <br><b>Tel: 0...</p>","#ctl00_addressBox > a > p:nth-child(2)"
"WCAG2AAA.Principle1.Guideline1_4.1_4_6.G17.BgImage","This element's text is placed on a background image. Ensure the contrast ratio between the text and all covered parts of the image are at least 7:1.","warning","<b>Tel: 01726 829272</b>","#ctl00_addressBox > a > p:nth-child(2) > b"
"WCAG2AAA.Principle1.Guideline1_4.1_4_6.G17.BgImage","This element's text is placed on a background image. Ensure the contrast ratio between the text and all covered parts of the image are at least 7:1.","warning","<p>Polruan Surgery <br><b>Tel: 017...</p>","#ctl00_addressBox > a > p:nth-child(3)"
"WCAG2AAA.Principle1.Guideline1_4.1_4_6.G17.BgImage","This element's text is placed on a background image. Ensure the contrast ratio between the text and all covered parts of the image are at least 7:1.","warning","<b>Tel: 01726 829272</b>","#ctl00_addressBox > a > p:nth-child(3) > b"
"WCAG2AAA.Principle1.Guideline1_4.1_4_6.G17.BgImage","This element's text is placed on a background image. Ensure the contrast ratio between the text and all covered parts of the image are at least 7:1.","warning","<a class=\"selected\" tabindex=\"21\" href=\"/index.aspx\" title=\"Information about the doctors surgery opening hours, appointments, online prescriptions, health information and much more\">Home</a>","#menuItem1081 > a"
"WCAG2AAA.Principle2.Guideline2_4.2_4_9.H30","Check that text of the link describes the purpose of the link.","notice","<a class=\"selected\" tabindex=\"21\" href=\"/index.aspx\" title=\"Information about the doctors surgery opening hours, appointments, online prescriptions, health information and much more\">Home</a>","#menuItem1081 > a"
"WCAG2AAA.Principle1.Guideline1_4.1_4_6.G17.BgImage","This element's text is placed on a background image. Ensure the contrast ratio between the text and all covered parts of the image are at least 7:1.","warning","<a tabindex=\"22\" href=\"/opening-times.aspx\">Opening Times</a>","#menuItem1082 > a"
"WCAG2AAA.Principle2.Guideline2_4.2_4_9.H30","Check that text of the link describes the purpose of the link.","notice","<a tabindex=\"22\" href=\"/opening-times.aspx\">Opening Times</a>","#menuItem1082 > a"
"WCAG2AAA.Principle2.Guideline2_4.2_4_9.H30","Check that text of the link describes the purpose of the link.","notice","<a href=\"opening-times.aspx?t=1\">Opening Times</a>","#menuItem1082 > ul > li:nth-child(1) > a"
"WCAG2AAA.Principle2.Guideline2_4.2_4_9.H30","Check that text of the link describes the purpose of the link.","notice","<a href=\"opening-times.aspx?t=2\">When We Are Closed</a>","#menuItem1082 > ul > li:nth-child(2) > a"
"WCAG2AAA.Principle1.Guideline1_4.1_4_6.G17.BgImage","This element's text is placed on a background image. Ensure the contrast ratio between the text and all covered parts of the image are at least 7:1.","warning","<a tabindex=\"23\" href=\"/making-appointments.aspx\">Appointments</a>","#menuItem1083 > a"
"WCAG2AAA.Principle2.Guideline2_4.2_4_9.H30","Check that text of the link describes the purpose of the link.","notice","<a tabindex=\"23\" href=\"/making-appointments.aspx\">Appointments</a>","#menuItem1083 > a"
"WCAG2AAA.Principle2.Guideline2_4.2_4_9.H30","Check that text of the link describes the purpose of the link.","notice","<a href=\"making-appointments.aspx?t=1\">Appointments</a>","#menuItem1083 > ul > li:nth-child(1) > a"
"WCAG2AAA.Principle2.Guideline2_4.2_4_9.H30","Check that text of the link describes the purpose of the link.","notice","<a href=\"making-appointments.aspx?t=2\">Home Visits</a>","#menuItem1083 > ul > li:nth-child(2) > a"
"WCAG2AAA.Principle2.Guideline2_4.2_4_9.H30","Check that text of the link describes the purpose of the link.","notice","<a href=\"making-appointments.aspx?t=3\">Been Off Work?</a>","#menuItem1083 > ul > li:nth-child(3) > a"
"WCAG2AAA.Principle1.Guideline1_4.1_4_6.G17.BgImage","This element's text is placed on a background image. Ensure the contrast ratio between the text and all covered parts of the image are at least 7:1.","warning","<a tabindex=\"24\" href=\"/prescriptions.aspx\">Prescriptions</a>","#menuItem1084 > a"
"WCAG2AAA.Principle2.Guideline2_4.2_4_9.H30","Check that text of the link describes the purpose of the link.","notice","<a tabindex=\"24\" href=\"/prescriptions.aspx\">Prescriptions</a>","#menuItem1084 > a"
"WCAG2AAA.Principle2.Guideline2_4.2_4_9.H30","Check that text of the link describes the purpose of the link.","notice","<a href=\"prescriptions.aspx?t=1\">Repeat Prescriptions</a>","#menuItem1084 > ul > li:nth-child(1) > a"
"WCAG2AAA.Principle2.Guideline2_4.2_4_9.H30","Check that text of the link describes the purpose of the link.","notice","<a href=\"prescriptions.aspx?t=2\">Prescriptions Fees</a>","#menuItem1084 > ul > li:nth-child(2) > a"
"WCAG2AAA.Principle2.Guideline2_4.2_4_9.H30","Check that text of the link describes the purpose of the link.","notice","<a href=\"prescriptions.aspx?t=3\">Electronic Presciption Service</a>","#menuItem1084 > ul > li:nth-child(3) > a"
"WCAG2AAA.Principle1.Guideline1_4.1_4_6.G17.BgImage","This element's text is placed on a background image. Ensure the contrast ratio between the text and all covered parts of the image are at least 7:1.","warning","<a tabindex=\"25\" href=\"/clinics-and-services.aspx\">Clinics &amp; Services</a>","#menuItem1085 > a"
"WCAG2AAA.Principle2.Guideline2_4.2_4_9.H30","Check that text of the link describes the purpose of the link.","notice","<a tabindex=\"25\" href=\"/clinics-and-services.aspx\">Clinics &amp; Services</a>","#menuItem1085 > a"
"WCAG2AAA.Principle2.Guideline2_4.2_4_9.H30","Check that text of the link describes the purpose of the link.","notice","<a href=\"clinics-and-services.aspx?t=1\">Clinics &amp; Services</a>","#menuItem1085 > ul > li:nth-child(1) > a"
"WCAG2AAA.Principle2.Guideline2_4.2_4_9.H30","Check that text of the link describes the purpose of the link.","notice","<a href=\"clinics-and-services.aspx?t=2\">Travel Vaccinations</a>","#menuItem1085 > ul > li:nth-child(2) > a"
"WCAG2AAA.Principle2.Guideline2_4.2_4_9.H30","Check that text of the link describes the purpose of the link.","notice","<a href=\"clinics-and-services.aspx?t=3\">Non-NHS Services</a>","#menuItem1085 > ul > li:nth-child(3) > a"
"WCAG2AAA.Principle2.Guideline2_4.2_4_9.H30","Check that text of the link describes the purpose of the link.","notice","<a href=\"/clinics-and-services.aspx?t=9\">Find Services</a>","#menuItem1085 > ul > li:nth-child(4) > a"
"WCAG2AAA.Principle1.Guideline1_4.1_4_6.G17.BgImage","This element's text is placed on a background image. Ensure the contrast ratio between the text and all covered parts of the image are at least 7:1.","warning","<a tabindex=\"26\" href=\"/tests-and-results.aspx\">Tests &amp; Results</a>","#menuItem1086 > a"
"WCAG2AAA.Principle2.Guideline2_4.2_4_9.H30","Check that text of the link describes the purpose of the link.","notice","<a tabindex=\"26\" href=\"/tests-and-results.aspx\">Tests &amp; Results</a>","#menuItem1086 > a"
"WCAG2AAA.Principle2.Guideline2_4.2_4_9.H30","Check that text of the link describes the purpose of the link.","notice","<a href=\"tests-and-results.aspx?t=1\">Test Results</a>","#menuItem1086 > ul > li:nth-child(1) > a"
"WCAG2AAA.Principle2.Guideline2_4.2_4_9.H30","Check that text of the link describes the purpose of the link.","notice","<a href=\"tests-and-results.aspx?t=2\">Blood Tests</a>","#menuItem1086 > ul > li:nth-child(2) > a"
"WCAG2AAA.Principle2.Guideline2_4.2_4_9.H30","Check that text of the link describes the purpose of the link.","notice","<a href=\"tests-and-results.aspx?t=3\">X-Ray</a>","#menuItem1086 > ul > li:nth-child(3) > a"
"WCAG2AAA.Principle1.Guideline1_4.1_4_6.G17.BgImage","This element's text is placed on a background image. Ensure the contrast ratio between the text and all covered parts of the image are at least 7:1.","warning","<a tabindex=\"27\" href=\"/new-patients.aspx\">New Patients</a>","#menuItem1087 > a"
"WCAG2AAA.Principle2.Guideline2_4.2_4_9.H30","Check that text of the link describes the purpose of the link.","notice","<a tabindex=\"27\" href=\"/new-patients.aspx\">New Patients</a>","#menuItem1087 > a"
"WCAG2AAA.Principle2.Guideline2_4.2_4_9.H30","Check that text of the link describes the purpose of the link.","notice","<a href=\"new-patients.aspx?t=1\">Registration</a>","#menuItem1087 > ul > li:nth-child(1) > a"
"WCAG2AAA.Principle2.Guideline2_4.2_4_9.H30","Check that text of the link describes the purpose of the link.","notice","<a href=\"new-patients.aspx?t=2\">Temporary Residents</a>","#menuItem1087 > ul > li:nth-child(2) > a"
"WCAG2AAA.Principle2.Guideline2_4.2_4_9.H30","Check that text of the link describes the purpose of the link.","notice","<a href=\"new-patients.aspx?t=3\">Non-English Speakers</a>","#menuItem1087 > ul > li:nth-child(3) > a"
"WCAG2AAA.Principle1.Guideline1_4.1_4_6.G17.BgImage","This element's text is placed on a background image. Ensure the contrast ratio between the text and all covered parts of the image are at least 7:1.","warning","<a tabindex=\"28\" href=\"/staff1.aspx\">Practice Staff</a>","#menuItem1088 > a"
"WCAG2AAA.Principle2.Guideline2_4.2_4_9.H30","Check that text of the link describes the purpose of the link.","notice","<a tabindex=\"28\" href=\"/staff1.aspx\">Practice Staff</a>","#menuItem1088 > a"
"WCAG2AAA.Principle2.Guideline2_4.2_4_9.H30","Check that text of the link describes the purpose of the link.","notice","<a href=\"staff1.aspx?t=1\">Doctors</a>","#menuItem1088 > ul > li:nth-child(1) > a"
"WCAG2AAA.Principle2.Guideline2_4.2_4_9.H30","Check that text of the link describes the purpose of the link.","notice","<a href=\"staff1.aspx?t=2\">Nursing Team</a>","#menuItem1088 > ul > li:nth-child(2) > a"
"WCAG2AAA.Principle2.Guideline2_4.2_4_9.H30","Check that text of the link describes the purpose of the link.","notice","<a href=\"staff1.aspx?t=3\">Practice Team</a>","#menuItem1088 > ul > li:nth-child(3) > a"
"WCAG2AAA.Principle2.Guideline2_4.2_4_9.H30","Check that text of the link describes the purpose of the link.","notice","<a href=\"staff1.aspx?t=4\">Healthcare Team</a>","#menuItem1088 > ul > li:nth-child(4) > a"
"WCAG2AAA.Principle1.Guideline1_4.1_4_6.G17.BgImage","This element's text is placed on a background image. Ensure the contrast ratio between the text and all covered parts of the image are at least 7:1.","warning","<a tabindex=\"29\" href=\"/contact1.aspx\" title=\"The surgery address and telephone numbers\">Contact Details</a>","#menuItem1089 > a"
"WCAG2AAA.Principle2.Guideline2_4.2_4_9.H30","Check that text of the link describes the purpose of the link.","notice","<a tabindex=\"29\" href=\"/contact1.aspx\" title=\"The surgery address and telephone numbers\">Contact Details</a>","#menuItem1089 > a"
"WCAG2AAA.Principle1.Guideline1_3.1_3_1_AAA.G141","The heading structure is not logically nested. This h3 element appears to be the primary document heading, so should be an h1 element.","error","<h3 class=\"infoTitle noticeboardTitle\">Noticeboard</h3>","#ctl00_feed2 > h3"
"WCAG2AAA.Principle1.Guideline1_4.1_4_6.G17.Fail","This element has insufficient contrast at this conformance level. Expected a contrast ratio of at least 7:1, but text in this element has a contrast ratio of 3:1. Recommendation: change text colour to #005f83.","error","<h3 class=\"infoTitle noticeboardTitle\">Noticeboard</h3>","#ctl00_feed2 > h3"
"WCAG2AAA.Principle2.Guideline2_1.2_1_1.G90","Ensure the functionality provided by an event handler for this element is available through the keyboard","warning","<div class=\"newfeedsitem\" onmouseover=\"pause=1;\" onmouseout=\"pause=0;\" onclick=\"if(stop==0)stop=1;else stop=0;\" id=\"newfeed0\" style=\"visibility: visible;\"><div><p></p><p><img src=\"/websi...</div>","#newfeed0"
"WCAG2AAA.Principle2.Guideline2_1.2_1_1.SCR20.MouseOver","Ensure the functionality provided by mousing over this element is available through the keyboard; for instance, using the focus event.","warning","<div class=\"newfeedsitem\" onmouseover=\"pause=1;\" onmouseout=\"pause=0;\" onclick=\"if(stop==0)stop=1;else stop=0;\" id=\"newfeed0\" style=\"visibility: visible;\"><div><p></p><p><img src=\"/websi...</div>","#newfeed0"
"WCAG2AAA.Principle2.Guideline2_1.2_1_1.SCR20.MouseOut","Ensure the functionality provided by mousing out of this element is available through the keyboard; for instance, using the blur event.","warning","<div class=\"newfeedsitem\" onmouseover=\"pause=1;\" onmouseout=\"pause=0;\" onclick=\"if(stop==0)stop=1;else stop=0;\" id=\"newfeed0\" style=\"visibility: visible;\"><div><p></p><p><img src=\"/websi...</div>","#newfeed0"
"WCAG2AAA.Principle1.Guideline1_1.1_1_1.G94.Image","Ensure that the img element's alt text serves the same purpose and presents the same information as the image.","notice","<img src=\"/website/L82035/files/501130_CSSL19_GP2_Leaderboard_Reassure.jpg\" title=\"banner\" alt=\"banner\">","#newfeed0 > div > p:nth-child(2) > img"
"WCAG2AAA.Principle1.Guideline1_1.1_1_1.G73,G74","If this image cannot be fully described in a short text alternative, ensure a long text alternative is also available, such as in the body text or through a link.","notice","<img src=\"/website/L82035/files/501130_CSSL19_GP2_Leaderboard_Reassure.jpg\" title=\"banner\" alt=\"banner\">","#newfeed0 > div > p:nth-child(2) > img"
"WCAG2AAA.Principle2.Guideline2_4.2_4_9.H30","Check that text of the link describes the purpose of the link.","notice","<a href=\"news.aspx?p=L82035\"> ...</a>","#js-news > li:nth-child(1) > a"
"WCAG2AAA.Principle2.Guideline2_4.2_4_9.H30","Check that text of the link describes the purpose of the link.","notice","<a href=\"news.aspx?p=L82035\"> ...</a>","#js-news > li:nth-child(2) > a"
"WCAG2AAA.Principle4.Guideline4_1.4_1_2.H91.A.NoContent","Anchor element found with a valid href attribute, but no link content has been supplied.","error","<a href=\"news.aspx?p=L82035\"></a>","#js-news > li:nth-child(3) > a:nth-child(1)"
"WCAG2AAA.Principle2.Guideline2_4.2_4_9.H30","Check that text of the link describes the purpose of the link.","notice","<a href=\"news.aspx?p=L82035\"></a>","#js-news > li:nth-child(3) > a:nth-child(1)"
"WCAG2AAA.Principle2.Guideline2_4.2_4_9.H30","Check that text of the link describes the purpose of the link.","notice","<a title=\"Medical Receptionist Apprentice Adver\" href=\"/website/L82035/files/Medical Receptionist Apprentice.docx\" target=\"_blank\"></a>","#js-news > li:nth-child(3) > a:nth-child(2)"
"WCAG2AAA.Principle3.Guideline3_2.3_2_5.H83.3","Check that this link's link text contains information indicating that the link will open in a new window.","warning","<a title=\"Medical Receptionist Apprentice Adver\" href=\"/website/L82035/files/Medical Receptionist Apprentice.docx\" target=\"_blank\"></a>","#js-news > li:nth-child(3) > a:nth-child(2)"
"WCAG2AAA.Principle2.Guideline2_4.2_4_9.H30","Check that text of the link describes the purpose of the link.","notice","<a title=\"Stay Well - Minor Health Concerns\" href=\"https://www.nhs.uk/staywell/#iuVHLx8vCwbObqAX.97\" target=\"_blank\">Stay Well</a>","#js-news > li:nth-child(3) > a:nth-child(3)"
"WCAG2AAA.Principle3.Guideline3_2.3_2_5.H83.3","Check that this link's link text contains information indicating that the link will open in a new window.","warning","<a title=\"Stay Well - Minor Health Concerns\" href=\"https://www.nhs.uk/staywell/#iuVHLx8vCwbObqAX.97\" target=\"_blank\">Stay Well</a>","#js-news > li:nth-child(3) > a:nth-child(3)"
"WCAG2AAA.Principle4.Guideline4_1.4_1_2.H91.A.NoContent","Anchor element found with a valid href attribute, but no link content has been supplied.","error","<a href=\"news.aspx?p=L82035\"></a>","#js-news > li:nth-child(4) > a:nth-child(1)"
"WCAG2AAA.Principle2.Guideline2_4.2_4_9.H30","Check that text of the link describes the purpose of the link.","notice","<a href=\"news.aspx?p=L82035\"></a>","#js-news > li:nth-child(4) > a:nth-child(1)"
"WCAG2AAA.Principle2.Guideline2_4.2_4_9.H30","Check that text of the link describes the purpose of the link.","notice","<a title=\"Be Clear on Cancer\" href=\"https://www.nhs.uk/be-clear-on-cancer/#XvT8tAQgpLP8t8eg.97\" target=\"_blank\">Be Clear on Cancer</a>","#js-news > li:nth-child(4) > a:nth-child(2)"
"WCAG2AAA.Principle3.Guideline3_2.3_2_5.H83.3","Check that this link's link text contains information indicating that the link will open in a new window.","warning","<a title=\"Be Clear on Cancer\" href=\"https://www.nhs.uk/be-clear-on-cancer/#XvT8tAQgpLP8t8eg.97\" target=\"_blank\">Be Clear on Cancer</a>","#js-news > li:nth-child(4) > a:nth-child(2)"
"WCAG2AAA.Principle4.Guideline4_1.4_1_2.H91.A.NoContent","Anchor element found with a valid href attribute, but no link content has been supplied.","error","<a href=\"news.aspx?p=L82035\"></a>","#js-news > li:nth-child(5) > a:nth-child(1)"
"WCAG2AAA.Principle2.Guideline2_4.2_4_9.H30","Check that text of the link describes the purpose of the link.","notice","<a href=\"news.aspx?p=L82035\"></a>","#js-news > li:nth-child(5) > a:nth-child(1)"
"WCAG2AAA.Principle2.Guideline2_4.2_4_9.H30","Check that text of the link describes the purpose of the link.","notice","<a title=\"Cornwall Arthritis.org\" href=\"http://cornwallarthritis.org.uk/\" target=\"_blank\">Cornwall Arthritis.org</a>","#js-news > li:nth-child(5) > a:nth-child(2)"
"WCAG2AAA.Principle3.Guideline3_2.3_2_5.H83.3","Check that this link's link text contains information indicating that the link will open in a new window.","warning","<a title=\"Cornwall Arthritis.org\" href=\"http://cornwallarthritis.org.uk/\" target=\"_blank\">Cornwall Arthritis.org</a>","#js-news > li:nth-child(5) > a:nth-child(2)"
"WCAG2AAA.Principle4.Guideline4_1.4_1_2.H91.A.NoContent","Anchor element found with a valid href attribute, but no link content has been supplied.","error","<a href=\"news.aspx?p=L82035\"></a>","#js-news > li:nth-child(6) > a:nth-child(1)"
"WCAG2AAA.Principle2.Guideline2_4.2_4_9.H30","Check that text of the link describes the purpose of the link.","notice","<a href=\"news.aspx?p=L82035\"></a>","#js-news > li:nth-child(6) > a:nth-child(1)"
"WCAG2AAA.Principle2.Guideline2_4.2_4_9.H30","Check that text of the link describes the purpose of the link.","notice","<a title=\"Electronic Prescription Service...\" href=\"/website/L82035/files/EPS Information leaflet.pdf\" target=\"_blank\">Electronic Prescription Service Information</a>","#js-news > li:nth-child(6) > a:nth-child(2)"
"WCAG2AAA.Principle3.Guideline3_2.3_2_5.H83.3","Check that this link's link text contains information indicating that the link will open in a new window.","warning","<a title=\"Electronic Prescription Service...\" href=\"/website/L82035/files/EPS Information leaflet.pdf\" target=\"_blank\">Electronic Prescription Service Information</a>","#js-news > li:nth-child(6) > a:nth-child(2)"
"WCAG2AAA.Principle4.Guideline4_1.4_1_2.H91.A.NoContent","Anchor element found with a valid href attribute, but no link content has been supplied.","error","<a href=\"news.aspx?p=L82035\"></a>","#js-news > li:nth-child(7) > a:nth-child(1)"
"WCAG2AAA.Principle2.Guideline2_4.2_4_9.H30","Check that text of the link describes the purpose of the link.","notice","<a href=\"news.aspx?p=L82035\"></a>","#js-news > li:nth-child(7) > a:nth-child(1)"
"WCAG2AAA.Principle2.Guideline2_4.2_4_9.H30","Check that text of the link describes the purpose of the link.","notice","<a title=\"Allocated Named GP &gt;\" href=\"/website/L82035/files/Allocated GP.pdf\" target=\"_blank\">Allocated Named GP &gt;</a>","#js-news > li:nth-child(7) > a:nth-child(2)"
"WCAG2AAA.Principle3.Guideline3_2.3_2_5.H83.3","Check that this link's link text contains information indicating that the link will open in a new window.","warning","<a title=\"Allocated Named GP &gt;\" href=\"/website/L82035/files/Allocated GP.pdf\" target=\"_blank\">Allocated Named GP &gt;</a>","#js-news > li:nth-child(7) > a:nth-child(2)"
"WCAG2AAA.Principle2.Guideline2_4.2_4_9.H30","Check that text of the link describes the purpose of the link.","notice","<a href=\"news.aspx?p=L82035\">List Maintenance Project ...</a>","#js-news > li:nth-child(8) > a"
"WCAG2AAA.Principle4.Guideline4_1.4_1_2.H91.A.NoContent","Anchor element found with a valid href attribute, but no link content has been supplied.","error","<a href=\"news.aspx?p=L82035\"></a>","#js-news > li:nth-child(9) > a:nth-child(1)"
"WCAG2AAA.Principle2.Guideline2_4.2_4_9.H30","Check that text of the link describes the purpose of the link.","notice","<a href=\"news.aspx?p=L82035\"></a>","#js-news > li:nth-child(9) > a:nth-child(1)"
"WCAG2AAA.Principle2.Guideline2_4.2_4_9.H30","Check that text of the link describes the purpose of the link.","notice","<a title=\"NHS 111\" href=\"/website/L82035/files/NHS111 Fowey.pdf\" target=\"_blank\">NHS 111 &gt;</a>","#js-news > li:nth-child(9) > a:nth-child(2)"
"WCAG2AAA.Principle3.Guideline3_2.3_2_5.H83.3","Check that this link's link text contains information indicating that the link will open in a new window.","warning","<a title=\"NHS 111\" href=\"/website/L82035/files/NHS111 Fowey.pdf\" target=\"_blank\">NHS 111 &gt;</a>","#js-news > li:nth-child(9) > a:nth-child(2)"
"WCAG2AAA.Principle2.Guideline2_4.2_4_9.H30","Check that text of the link describes the purpose of the link.","notice","<a href=\"news.aspx?p=L82035\">Young People Friendly Services ...</a>","#js-news > li:nth-child(10) > a"
"WCAG2AAA.Principle2.Guideline2_4.2_4_9.H30","Check that text of the link describes the purpose of the link.","notice","<a href=\"news.aspx?p=L82035\"> ...</a>","#ticker-content > a"
"WCAG2AAA.Principle1.Guideline1_4.1_4_6.G18.Fail","This element has insufficient contrast at this conformance level. Expected a contrast ratio of at least 4.5:1, but text in this element has a contrast ratio of 3:1. Recommendation: change text colour to #007faf.","error","<h1 style=\"text-align: center;\">Welcome</h1>","#ctl00_ContentPlaceHolder1_field1 > h1:nth-child(1)"
"WCAG2AAA.Principle1.Guideline1_3.1_3_1_AAA.G141","The heading structure is not logically nested. This h3 element should be an h2 to be properly nested.","error","<h3 style=\"text-align: center;\">Telephone all surgeries on 0172...</h3>","#ctl00_ContentPlaceHolder1_field1 > h3:nth-child(2)"
"WCAG2AAA.Principle1.Guideline1_4.1_4_6.G17.Fail","This element has insufficient contrast at this conformance level. Expected a contrast ratio of at least 7:1, but text in this element has a contrast ratio of 3:1. Recommendation: change text colour to #005f83.","error","<h3 style=\"text-align: center;\">Telephone all surgeries on 0172...</h3>","#ctl00_ContentPlaceHolder1_field1 > h3:nth-child(2)"
"WCAG2AAA.Principle1.Guideline1_4.1_4_3_F24.F24.FGColour","Check that this element has an inherited background colour or image to complement the corresponding inline foreground colour.","warning","<span style=\"color: #ed1c24;\">OUT OF HOURS EMERGENCIES</span>","#ctl00_ContentPlaceHolder1_field1 > h3:nth-child(3) > span"
"WCAG2AAA.Principle1.Guideline1_4.1_4_6.G17.Fail","This element has insufficient contrast at this conformance level. Expected a contrast ratio of at least 7:1, but text in this element has a contrast ratio of 4.38:1. Recommendation: change text colour to #1c1c1c.","error","<span style=\"color: #ed1c24;\">OUT OF HOURS EMERGENCIES</span>","#ctl00_ContentPlaceHolder1_field1 > h3:nth-child(3) > span"
"WCAG2AAA.Principle1.Guideline1_4.1_4_3_F24.F24.FGColour","Check that this element has an inherited background colour or image to complement the corresponding inline foreground colour.","warning","<span style=\"color: #ed1c24;\">PLEASE CALL NHS 111</span>","#ctl00_ContentPlaceHolder1_field1 > h3:nth-child(4) > span"
"WCAG2AAA.Principle1.Guideline1_4.1_4_6.G17.Fail","This element has insufficient contrast at this conformance level. Expected a contrast ratio of at least 7:1, but text in this element has a contrast ratio of 4.38:1. Recommendation: change text colour to #1c1c1c.","error","<span style=\"color: #ed1c24;\">PLEASE CALL NHS 111</span>","#ctl00_ContentPlaceHolder1_field1 > h3:nth-child(4) > span"
"WCAG2AAA.Principle1.Guideline1_4.1_4_3_F24.F24.FGColour","Check that this element has an inherited background colour or image to complement the corresponding inline foreground colour.","warning","<span style=\"color: #3f48cc;\">GET FAST ONLINE ACCESS TO YOUR ...</span>","#ctl00_ContentPlaceHolder1_field1 > h1:nth-child(5) > span"
"WCAG2AAA.Principle2.Guideline2_4.2_4_9.H30","Check that text of the link describes the purpose of the link.","notice","<a title=\"The Waiting Room\" href=\"https://thewaiting-room.net/\" target=\"_blank\"><img title=\"The Waiting Room\" a...</a>","#ctl00_ContentPlaceHolder1_field1 > p:nth-child(6) > a"
"WCAG2AAA.Principle3.Guideline3_2.3_2_5.H83.3","Check that this link's link text contains information indicating that the link will open in a new window.","warning","<a title=\"The Waiting Room\" href=\"https://thewaiting-room.net/\" target=\"_blank\"><img title=\"The Waiting Room\" a...</a>","#ctl00_ContentPlaceHolder1_field1 > p:nth-child(6) > a"
"WCAG2AAA.Principle1.Guideline1_1.1_1_1.G94.Image","Ensure that the img element's alt text serves the same purpose and presents the same information as the image.","notice","<img title=\"The Waiting Room\" alt=\"The Waiting Room\" src=\"/website/L82035/files/WR.jpg\">","#ctl00_ContentPlaceHolder1_field1 > p:nth-child(6) > a > img"
"WCAG2AAA.Principle1.Guideline1_1.1_1_1.G73,G74","If this image cannot be fully described in a short text alternative, ensure a long text alternative is also available, such as in the body text or through a link.","notice","<img title=\"The Waiting Room\" alt=\"The Waiting Room\" src=\"/website/L82035/files/WR.jpg\">","#ctl00_ContentPlaceHolder1_field1 > p:nth-child(6) > a > img"
"WCAG2AAA.Principle1.Guideline1_3.1_3_1.H42.2","Heading tag found with no content. Text that is not intended as a heading should not be marked up with heading tags.","error","<h2 style=\"text-align: center;\"><span style=\"color: #ed1c24;\">&...</h2>","#ctl00_ContentPlaceHolder1_field1 > h2:nth-child(7)"
"WCAG2AAA.Principle1.Guideline1_4.1_4_3_F24.F24.FGColour","Check that this element has an inherited background colour or image to complement the corresponding inline foreground colour.","warning","<span style=\"color: #ed1c24;\">&nbsp; &nbsp;&nbsp;</span>","#ctl00_ContentPlaceHolder1_field1 > h2:nth-child(7) > span"
"WCAG2AAA.Principle1.Guideline1_4.1_4_6.G18.Fail","This element has insufficient contrast at this conformance level. Expected a contrast ratio of at least 4.5:1, but text in this element has a contrast ratio of 3:1. Recommendation: change text colour to #007faf.","error","<h2>&nbsp; &nbsp; &nbsp; You can:-</h2>","#ctl00_ContentPlaceHolder1_field1 > h2:nth-child(8)"
"WCAG2AAA.Principle1.Guideline1_4.1_4_6.G18.Fail","This element has insufficient contrast at this conformance level. Expected a contrast ratio of at least 4.5:1, but text in this element has a contrast ratio of 3:1. Recommendation: change text colour to #007faf.","error","<h2>&nbsp; &nbsp; &nbsp; Book your ...</h2>","#ctl00_ContentPlaceHolder1_field1 > h2:nth-child(9)"
"WCAG2AAA.Principle1.Guideline1_4.1_4_6.G18.Fail","This element has insufficient contrast at this conformance level. Expected a contrast ratio of at least 4.5:1, but text in this element has a contrast ratio of 3:1. Recommendation: change text colour to #007faf.","error","<h2>&nbsp; &nbsp; &nbsp; Order Pres...</h2>","#ctl00_ContentPlaceHolder1_field1 > h2:nth-child(10)"
"WCAG2AAA.Principle1.Guideline1_4.1_4_6.G18.Fail","This element has insufficient contrast at this conformance level. Expected a contrast ratio of at least 4.5:1, but text in this element has a contrast ratio of 3:1. Recommendation: change text colour to #007faf.","error","<h2>&nbsp; &nbsp; &nbsp; Get access...</h2>","#ctl00_ContentPlaceHolder1_field1 > h2:nth-child(11)"
"WCAG2AAA.Principle1.Guideline1_4.1_4_3_F24.F24.FGColour","Check that this element has an inherited background colour or image to complement the corresponding inline foreground colour.","warning","<span style=\"color: #ed1c24;\">(See Reception)</span>","#ctl00_ContentPlaceHolder1_field1 > h2:nth-child(11) > span"
"WCAG2AAA.Principle1.Guideline1_4.1_4_6.G18.Fail","This element has insufficient contrast at this conformance level. Expected a contrast ratio of at least 4.5:1, but text in this element has a contrast ratio of 4.38:1. Recommendation: change text colour to #1c1c1c.","error","<span style=\"color: #ed1c24;\">(See Reception)</span>","#ctl00_ContentPlaceHolder1_field1 > h2:nth-child(11) > span"
"WCAG2AAA.Principle1.Guideline1_4.1_4_3_F24.F24.FGColour","Check that this element has an inherited background colour or image to complement the corresponding inline foreground colour.","warning","<span style=\"color: #ed1c24;\">YOU CAN PICK UP A REGISTRATION ...</span>","#ctl00_ContentPlaceHolder1_field1 > h2:nth-child(12) > span"
"WCAG2AAA.Principle1.Guideline1_4.1_4_6.G18.Fail","This element has insufficient contrast at this conformance level. Expected a contrast ratio of at least 4.5:1, but text in this element has a contrast ratio of 4.38:1. Recommendation: change text colour to #1c1c1c.","error","<span style=\"color: #ed1c24;\">YOU CAN PICK UP A REGISTRATION ...</span>","#ctl00_ContentPlaceHolder1_field1 > h2:nth-child(12) > span"
"WCAG2AAA.Principle1.Guideline1_4.1_4_3_F24.F24.FGColour","Check that this element has an inherited background colour or image to complement the corresponding inline foreground colour.","warning","<span style=\"color: #ed1c24;\"></span>","#ctl00_ContentPlaceHolder1_field1 > p:nth-child(13) > span"
"WCAG2AAA.Principle1.Guideline1_1.1_1_1.G94.Image","Ensure that the img element's alt text serves the same purpose and presents the same information as the image.","notice","<img width=\"200\" title=\"fowey\" alt=\"fowey\" src=\"/website/L82035/files/Fowey2.jpg\">","#ctl00_ContentPlaceHolder1_field1 > p:nth-child(14) > img:nth-child(1)"
"WCAG2AAA.Principle1.Guideline1_1.1_1_1.G73,G74","If this image cannot be fully described in a short text alternative, ensure a long text alternative is also available, such as in the body text or through a link.","notice","<img width=\"200\" title=\"fowey\" alt=\"fowey\" src=\"/website/L82035/files/Fowey2.jpg\">","#ctl00_ContentPlaceHolder1_field1 > p:nth-child(14) > img:nth-child(1)"
"WCAG2AAA.Principle1.Guideline1_1.1_1_1.G94.Image","Ensure that the img element's alt text serves the same purpose and presents the same information as the image.","notice","<img width=\"200\" title=\"boats\" alt=\"boats\" src=\"/website/L82035/files/boats.jpg\">","#ctl00_ContentPlaceHolder1_field1 > p:nth-child(14) > img:nth-child(2)"
"WCAG2AAA.Principle1.Guideline1_1.1_1_1.G73,G74","If this image cannot be fully described in a short text alternative, ensure a long text alternative is also available, such as in the body text or through a link.","notice","<img width=\"200\" title=\"boats\" alt=\"boats\" src=\"/website/L82035/files/boats.jpg\">","#ctl00_ContentPlaceHolder1_field1 > p:nth-child(14) > img:nth-child(2)"
"WCAG2AAA.Principle1.Guideline1_1.1_1_1.G94.Image","Ensure that the img element's alt text serves the same purpose and presents the same information as the image.","notice","<img width=\"200\" title=\"fowey\" alt=\"fowey\" src=\"/website/L82035/files/fowey3.jpg\">","#ctl00_ContentPlaceHolder1_field1 > p:nth-child(14) > img:nth-child(3)"
"WCAG2AAA.Principle1.Guideline1_1.1_1_1.G73,G74","If this image cannot be fully described in a short text alternative, ensure a long text alternative is also available, such as in the body text or through a link.","notice","<img width=\"200\" title=\"fowey\" alt=\"fowey\" src=\"/website/L82035/files/fowey3.jpg\">","#ctl00_ContentPlaceHolder1_field1 > p:nth-child(14) > img:nth-child(3)"
"WCAG2AAA.Principle1.Guideline1_3.1_3_1.LayoutTable","This table appears to be a layout table. If it is meant to instead be a data table, ensure header cells are identified using th elements.","notice","<table width=\"100%\" border=\"0\"><tbody><tr><td width=\"33%\" alig...</table>","#ctl00_ContentPlaceHolder1_field1 > table:nth-child(15)"
"WCAG2AAA.Principle1.Guideline1_3.1_3_1.H49.AlignAttr","Align attributes .","error","<td width=\"33%\" align=\"center\" valign=\"top\"><b>FOWEY<br> The Surgery <br> R...</td>","#ctl00_ContentPlaceHolder1_field1 > table:nth-child(15) > tbody > tr > td:nth-child(1)"
"WCAG2AAA.Principle1.Guideline1_4.1_4_3_F24.F24.FGColour","Check that this element has an inherited background colour or image to complement the corresponding inline foreground colour.","warning","<span style=\"color: #ed1c24;\">NO REGISTRATION NEEDED FOR THIS...</span>","#ctl00_ContentPlaceHolder1_field1 > table:nth-child(15) > tbody > tr > td:nth-child(1) > b > span"
"WCAG2AAA.Principle1.Guideline1_4.1_4_6.G17.Fail","This element has insufficient contrast at this conformance level. Expected a contrast ratio of at least 7:1, but text in this element has a contrast ratio of 4.38:1. Recommendation: change text colour to #1c1c1c.","error","<span style=\"color: #ed1c24;\">NO REGISTRATION NEEDED FOR THIS...</span>","#ctl00_ContentPlaceHolder1_field1 > table:nth-child(15) > tbody > tr > td:nth-child(1) > b > span"
"WCAG2AAA.Principle2.Guideline2_4.2_4_9.H30","Check that text of the link describes the purpose of the link.","notice","<a href=\"https://www.mysurgerywebsite.co.uk/secure/prescriptions.aspx?p=l82035\" target=\"_blank\">Online Repeat Prescriptions</a>","#ctl00_ContentPlaceHolder1_field1 > table:nth-child(15) > tbody > tr > td:nth-child(1) > b > a"
"WCAG2AAA.Principle3.Guideline3_2.3_2_5.H83.3","Check that this link's link text contains information indicating that the link will open in a new window.","warning","<a href=\"https://www.mysurgerywebsite.co.uk/secure/prescriptions.aspx?p=l82035\" target=\"_blank\">Online Repeat Prescriptions</a>","#ctl00_ContentPlaceHolder1_field1 > table:nth-child(15) > tbody > tr > td:nth-child(1) > b > a"
"WCAG2AAA.Principle1.Guideline1_3.1_3_1.H49.AlignAttr","Align attributes .","error","<td width=\"33%\" align=\"center\" valign=\"top\"><b>PAR<br> The Health Centre <b...</td>","#ctl00_ContentPlaceHolder1_field1 > table:nth-child(15) > tbody > tr > td:nth-child(2)"
"WCAG2AAA.Principle1.Guideline1_4.1_4_3_F24.F24.FGColour","Check that this element has an inherited background colour or image to complement the corresponding inline foreground colour.","warning","<span style=\"color: #ed1c24;\">NO REGISTRATION NEEDED FOR THIS...</span>","#ctl00_ContentPlaceHolder1_field1 > table:nth-child(15) > tbody > tr > td:nth-child(2) > b > span"
"WCAG2AAA.Principle1.Guideline1_4.1_4_6.G17.Fail","This element has insufficient contrast at this conformance level. Expected a contrast ratio of at least 7:1, but text in this element has a contrast ratio of 4.38:1. Recommendation: change text colour to #1c1c1c.","error","<span style=\"color: #ed1c24;\">NO REGISTRATION NEEDED FOR THIS...</span>","#ctl00_ContentPlaceHolder1_field1 > table:nth-child(15) > tbody > tr > td:nth-child(2) > b > span"
"WCAG2AAA.Principle2.Guideline2_4.2_4_9.H30","Check that text of the link describes the purpose of the link.","notice","<a href=\"https://www.mysurgerywebsite.co.uk/secure/prescriptions.aspx?p=L82035b\" target=\"_blank\"> Online Repeat Prescriptions</a>","#ctl00_ContentPlaceHolder1_field1 > table:nth-child(15) > tbody > tr > td:nth-child(2) > b > a"
"WCAG2AAA.Principle3.Guideline3_2.3_2_5.H83.3","Check that this link's link text contains information indicating that the link will open in a new window.","warning","<a href=\"https://www.mysurgerywebsite.co.uk/secure/prescriptions.aspx?p=L82035b\" target=\"_blank\"> Online Repeat Prescriptions</a>","#ctl00_ContentPlaceHolder1_field1 > table:nth-child(15) > tbody > tr > td:nth-child(2) > b > a"
"WCAG2AAA.Principle1.Guideline1_3.1_3_1.H49.AlignAttr","Align attributes .","error","<td width=\"34%\" align=\"center\" valign=\"top\"><b>POLRUAN<br>The Surgery <br> ...</td>","#ctl00_ContentPlaceHolder1_field1 > table:nth-child(15) > tbody > tr > td:nth-child(3)"
"WCAG2AAA.Principle1.Guideline1_4.1_4_3_F24.F24.FGColour","Check that this element has an inherited background colour or image to complement the corresponding inline foreground colour.","warning","<span style=\"color: #ed1c24;\">NO REGISTRATION NEEDED FOR THIS...</span>","#ctl00_ContentPlaceHolder1_field1 > table:nth-child(15) > tbody > tr > td:nth-child(3) > b > span"
"WCAG2AAA.Principle1.Guideline1_4.1_4_6.G17.Fail","This element has insufficient contrast at this conformance level. Expected a contrast ratio of at least 7:1, but text in this element has a contrast ratio of 4.38:1. Recommendation: change text colour to #1c1c1c.","error","<span style=\"color: #ed1c24;\">NO REGISTRATION NEEDED FOR THIS...</span>","#ctl00_ContentPlaceHolder1_field1 > table:nth-child(15) > tbody > tr > td:nth-child(3) > b > span"
"WCAG2AAA.Principle2.Guideline2_4.2_4_9.H30","Check that text of the link describes the purpose of the link.","notice","<a href=\"https://www.mysurgerywebsite.co.uk/secure/prescriptions.aspx?p=l82035c\" target=\"_blank\"> Online Repeat Prescriptions</a>","#ctl00_ContentPlaceHolder1_field1 > table:nth-child(15) > tbody > tr > td:nth-child(3) > b > a"
"WCAG2AAA.Principle3.Guideline3_2.3_2_5.H83.3","Check that this link's link text contains information indicating that the link will open in a new window.","warning","<a href=\"https://www.mysurgerywebsite.co.uk/secure/prescriptions.aspx?p=l82035c\" target=\"_blank\"> Online Repeat Prescriptions</a>","#ctl00_ContentPlaceHolder1_field1 > table:nth-child(15) > tbody > tr > td:nth-child(3) > b > a"
"WCAG2AAA.Principle1.Guideline1_3.1_3_1.H42.2","Heading tag found with no content. Text that is not intended as a heading should not be marked up with heading tags.","error","<h3 style=\"text-align: center;\"></h3>","#ctl00_ContentPlaceHolder1_field1 > h3:nth-child(16)"
"WCAG2AAA.Principle1.Guideline1_1.1_1_1.G94.Image","Ensure that the img element's alt text serves the same purpose and presents the same information as the image.","notice","<img src=\"https://www.england.nhs.uk/wp-content/uploads/2016/09/gp-online-web-banner.jpg\" alt=\"gp-online-web-banner.jpg (557×200)\">","#ctl00_ContentPlaceHolder1_field1 > p:nth-child(17) > img"
"WCAG2AAA.Principle1.Guideline1_1.1_1_1.G73,G74","If this image cannot be fully described in a short text alternative, ensure a long text alternative is also available, such as in the body text or through a link.","notice","<img src=\"https://www.england.nhs.uk/wp-content/uploads/2016/09/gp-online-web-banner.jpg\" alt=\"gp-online-web-banner.jpg (557×200)\">","#ctl00_ContentPlaceHolder1_field1 > p:nth-child(17) > img"
"WCAG2AAA.Principle1.Guideline1_4.1_4_3_F24.F24.FGColour","Check that this element has an inherited background colour or image to complement the corresponding inline foreground colour.","warning","<span style=\"color: #0077ab;\"></span>","#ctl00_ContentPlaceHolder1_field1 > p:nth-child(17) > span"
"WCAG2AAA.Principle1.Guideline1_3.1_3_1.LayoutTable","This table appears to be a layout table. If it is meant to instead be a data table, ensure header cells are identified using th elements.","notice","<table><tbody><tr><td width=\"50%\" vali...</table>","#ctl00_ContentPlaceHolder1_field1 > table:nth-child(18)"
"WCAG2AAA.Principle2.Guideline2_4.2_4_9.H30","Check that text of the link describes the purpose of the link.","notice","<a href=\"http://www.cqc.org.uk?referer=widget3\" target=\"_blank\" alt=\"CQC Logo\" title=\"CQC Logo\">\n    <img src=\"//www.cqc.org.uk...</a>","#CQCWidget-1-547827307-1 > div > div > div > a"
"WCAG2AAA.Principle3.Guideline3_2.3_2_5.H83.3","Check that this link's link text contains information indicating that the link will open in a new window.","warning","<a href=\"http://www.cqc.org.uk?referer=widget3\" target=\"_blank\" alt=\"CQC Logo\" title=\"CQC Logo\">\n    <img src=\"//www.cqc.org.uk...</a>","#CQCWidget-1-547827307-1 > div > div > div > a"
"WCAG2AAA.Principle1.Guideline1_1.1_1_1.G94.Image","Ensure that the img element's alt text serves the same purpose and presents the same information as the image.","notice","<img src=\"//www.cqc.org.uk/sites/all/modules/custom/cqc_widget/images/asset_cqclogo_update.png\" alt=\"CQC logo\">","#CQCWidget-1-547827307-1 > div > div > div > a > img"
"WCAG2AAA.Principle1.Guideline1_1.1_1_1.G73,G74","If this image cannot be fully described in a short text alternative, ensure a long text alternative is also available, such as in the body text or through a link.","notice","<img src=\"//www.cqc.org.uk/sites/all/modules/custom/cqc_widget/images/asset_cqclogo_update.png\" alt=\"CQC logo\">","#CQCWidget-1-547827307-1 > div > div > div > a > img"
"WCAG2AAA.Principle1.Guideline1_4.1_4_6.G17.BgImage","This element's text is placed on a background image. Ensure the contrast ratio between the text and all covered parts of the image are at least 7:1.","warning","<div class=\"cqc-widget-inner\">\n    Fowey River Practice  <div...</div>","#CQCWidget-1-547827307-1 > div > div > div > div"
"WCAG2AAA.Principle1.Guideline1_3.1_3_1.H42","Heading markup should be used if this content is intended as a heading.","warning","<div class=\"cqc-widget-new-style-margin-2\"><strong>CQC overall rating</str...</div>","#CQCWidget-1-547827307-1 > div > div > div > div > div:nth-child(2) > div:nth-child(1)"
"WCAG2AAA.Principle1.Guideline1_4.1_4_6.G17.Fail","This element has insufficient contrast at this conformance level. Expected a contrast ratio of at least 7:1, but text in this element has a contrast ratio of 4.05:1. Recommendation: change background to #316500.","error","<span class=\"cqc-widget-overall good\">Good</span>","#CQCWidget-1-547827307-1 > div > div > div > div > div:nth-child(2) > span"
"WCAG2AAA.Principle1.Guideline1_4.1_4_6.G17.BgImage","This element's text is placed on a background image. Ensure the contrast ratio between the text and all covered parts of the image are at least 7:1.","warning","<a class=\"widget-button-new-style\" title=\"See full report (opens in new window)\" alt=\"See full report (opens in new window)\" target=\"_blank\" href=\"https://www.cqc.org.uk/location/1-547827307?referer=widget3\">See the report</a>","#CQCWidget-1-547827307-1 > div > div > div > div > div:nth-child(2) > div:nth-child(4) > a"
"WCAG2AAA.Principle2.Guideline2_4.2_4_9.H30","Check that text of the link describes the purpose of the link.","notice","<a class=\"widget-button-new-style\" title=\"See full report (opens in new window)\" alt=\"See full report (opens in new window)\" target=\"_blank\" href=\"https://www.cqc.org.uk/location/1-547827307?referer=widget3\">See the report</a>","#CQCWidget-1-547827307-1 > div > div > div > div > div:nth-child(2) > div:nth-child(4) > a"
"WCAG2AAA.Principle3.Guideline3_2.3_2_5.H83.3","Check that this link's link text contains information indicating that the link will open in a new window.","warning","<a class=\"widget-button-new-style\" title=\"See full report (opens in new window)\" alt=\"See full report (opens in new window)\" target=\"_blank\" href=\"https://www.cqc.org.uk/location/1-547827307?referer=widget3\">See the report</a>","#CQCWidget-1-547827307-1 > div > div > div > div > div:nth-child(2) > div:nth-child(4) > a"
"WCAG2AAA.Principle1.Guideline1_1.1_1_1.G94.Image","Ensure that the img element's alt text serves the same purpose and presents the same information as the image.","notice","<img height=\"80\" title=\"Safe Place\" alt=\"Safe Place\" src=\"/website/L82035/files/safe_place_scheme_logo.gif\">","#ctl00_ContentPlaceHolder1_field1 > table:nth-child(18) > tbody > tr > td:nth-child(2) > img:nth-child(1)"
"WCAG2AAA.Principle1.Guideline1_1.1_1_1.G73,G74","If this image cannot be fully described in a short text alternative, ensure a long text alternative is also available, such as in the body text or through a link.","notice","<img height=\"80\" title=\"Safe Place\" alt=\"Safe Place\" src=\"/website/L82035/files/safe_place_scheme_logo.gif\">","#ctl00_ContentPlaceHolder1_field1 > table:nth-child(18) > tbody > tr > td:nth-child(2) > img:nth-child(1)"
"WCAG2AAA.Principle1.Guideline1_1.1_1_1.G94.Image","Ensure that the img element's alt text serves the same purpose and presents the same information as the image.","notice","<img height=\"80\" title=\"Savvy Kernow\" alt=\"Savvy Kernow\" src=\"/website/L82035/files/Savvy Kernow.jpg\">","#ctl00_ContentPlaceHolder1_field1 > table:nth-child(18) > tbody > tr > td:nth-child(2) > img:nth-child(2)"
"WCAG2AAA.Principle1.Guideline1_1.1_1_1.G73,G74","If this image cannot be fully described in a short text alternative, ensure a long text alternative is also available, such as in the body text or through a link.","notice","<img height=\"80\" title=\"Savvy Kernow\" alt=\"Savvy Kernow\" src=\"/website/L82035/files/Savvy Kernow.jpg\">","#ctl00_ContentPlaceHolder1_field1 > table:nth-child(18) > tbody > tr > td:nth-child(2) > img:nth-child(2)"
"WCAG2AAA.Principle2.Guideline2_4.2_4_9.H30","Check that text of the link describes the purpose of the link.","notice","<a href=\"http://www.savvykernow.org.uk\">www.savvykernow.org.uk</a>","#ctl00_ContentPlaceHolder1_field1 > table:nth-child(18) > tbody > tr > td:nth-child(2) > a"
"WCAG2AAA.Principle2.Guideline2_4.2_4_9.H30","Check that text of the link describes the purpose of the link.","notice","<a href=\"new-patients.aspx\" id=\"ctl00_ContentPlaceHolder1_registerNowLink\">Register With Us Now</a>","#ctl00_ContentPlaceHolder1_registerNowLink"
"WCAG2AAA.Principle2.Guideline2_4.2_4_9.H30","Check that text of the link describes the purpose of the link.","notice","<a href=\"/doitonline.aspx\">here</a>","#ctl00_ContentPlaceHolder1_options_icons > div > a"
"WCAG2AAA.Principle1.Guideline1_4.1_4_6.G17.BgImage","This element's text is placed on a background image. Ensure the contrast ratio between the text and all covered parts of the image are at least 7:1.","warning","<h3 class=\"infoTitle quicklinks\">Quick Links</h3>","#ctl00_resUpperLinks > h3"
"WCAG2AAA.Principle1.Guideline1_4.1_4_6.G17.BgImage","This element's text is placed on a background image. Ensure the contrast ratio between the text and all covered parts of the image are at least 7:1.","warning","<a title=\"Access online services\" href=\"/doitonline.aspx\">Online Services</a>","#ctl00_resUpperLinks > div:nth-child(2) > a"
"WCAG2AAA.Principle2.Guideline2_4.2_4_9.H30","Check that text of the link describes the purpose of the link.","notice","<a title=\"Access online services\" href=\"/doitonline.aspx\">Online Services</a>","#ctl00_resUpperLinks > div:nth-child(2) > a"
"WCAG2AAA.Principle1.Guideline1_4.1_4_6.G17.BgImage","This element's text is placed on a background image. Ensure the contrast ratio between the text and all covered parts of the image are at least 7:1.","warning","<a title=\"The latest news\" href=\"/news.aspx?pr=L82035\">Latest News</a>","#ctl00_resUpperLinks > div:nth-child(3) > a"
"WCAG2AAA.Principle2.Guideline2_4.2_4_9.H30","Check that text of the link describes the purpose of the link.","notice","<a title=\"The latest news\" href=\"/news.aspx?pr=L82035\">Latest News</a>","#ctl00_resUpperLinks > div:nth-child(3) > a"
"WCAG2AAA.Principle1.Guideline1_4.1_4_6.G17.BgImage","This element's text is placed on a background image. Ensure the contrast ratio between the text and all covered parts of the image are at least 7:1.","warning","<a title=\"Search the site\" href=\"/search.aspx\">Search</a>","#ctl00_resUpperLinks > div:nth-child(4) > a"
"WCAG2AAA.Principle2.Guideline2_4.2_4_9.H30","Check that text of the link describes the purpose of the link.","notice","<a title=\"Search the site\" href=\"/search.aspx\">Search</a>","#ctl00_resUpperLinks > div:nth-child(4) > a"
"WCAG2AAA.Principle1.Guideline1_4.1_4_6.G17.BgImage","This element's text is placed on a background image. Ensure the contrast ratio between the text and all covered parts of the image are at least 7:1.","warning","<h3 class=\"infoTitle surveyTitle show\">Have your say</h3>","#ctl00_resPatInfo > div > h3"
"WCAG2AAA.Principle1.Guideline1_4.1_4_6.G17.BgImage","This element's text is placed on a background image. Ensure the contrast ratio between the text and all covered parts of the image are at least 7:1.","warning","<a title=\"Patient Participation Group\" href=\"ppg.aspx\">Patient Participation Group</a>","#ctl00_resPatInfo > div > div > div > a"
"WCAG2AAA.Principle2.Guideline2_4.2_4_9.H30","Check that text of the link describes the purpose of the link.","notice","<a title=\"Patient Participation Group\" href=\"ppg.aspx\">Patient Participation Group</a>","#ctl00_resPatInfo > div > div > div > a"
"WCAG2AAA.Principle1.Guideline1_4.1_4_6.G17.BgImage","This element's text is placed on a background image. Ensure the contrast ratio between the text and all covered parts of the image are at least 7:1.","warning","<h3 class=\"infoTitle furtherInfoTitle show\">Further Information</h3>","#ctl00_resPatInfo > h3"
"WCAG2AAA.Principle1.Guideline1_4.1_4_6.G17.BgImage","This element's text is placed on a background image. Ensure the contrast ratio between the text and all covered parts of the image are at least 7:1.","warning","<a tabindex=\"4\" href=\"/info.aspx?p=2\">Cervical Screening Campaign</a>","#ctl00_resPatInfo > ul > li:nth-child(1) > a"
"WCAG2AAA.Principle2.Guideline2_4.2_4_9.H30","Check that text of the link describes the purpose of the link.","notice","<a tabindex=\"4\" href=\"/info.aspx?p=2\">Cervical Screening Campaign</a>","#ctl00_resPatInfo > ul > li:nth-child(1) > a"
"WCAG2AAA.Principle1.Guideline1_4.1_4_6.G17.BgImage","This element's text is placed on a background image. Ensure the contrast ratio between the text and all covered parts of the image are at least 7:1.","warning","<a tabindex=\"5\" href=\"/info.aspx?p=14\">Diabetic Health Information Vid...</a>","#ctl00_resPatInfo > ul > li:nth-child(2) > a"
"WCAG2AAA.Principle2.Guideline2_4.2_4_9.H30","Check that text of the link describes the purpose of the link.","notice","<a tabindex=\"5\" href=\"/info.aspx?p=14\">Diabetic Health Information Vid...</a>","#ctl00_resPatInfo > ul > li:nth-child(2) > a"
"WCAG2AAA.Principle1.Guideline1_4.1_4_6.G17.BgImage","This element's text is placed on a background image. Ensure the contrast ratio between the text and all covered parts of the image are at least 7:1.","warning","<a tabindex=\"6\" href=\"/info.aspx?p=13\">General Data Protection Regulat...</a>","#ctl00_resPatInfo > ul > li:nth-child(3) > a"
"WCAG2AAA.Principle2.Guideline2_4.2_4_9.H30","Check that text of the link describes the purpose of the link.","notice","<a tabindex=\"6\" href=\"/info.aspx?p=13\">General Data Protection Regulat...</a>","#ctl00_resPatInfo > ul > li:nth-child(3) > a"
"WCAG2AAA.Principle1.Guideline1_4.1_4_6.G17.BgImage","This element's text is placed on a background image. Ensure the contrast ratio between the text and all covered parts of the image are at least 7:1.","warning","<a tabindex=\"7\" href=\"/info.aspx?p=11\">Couch to 5K Challenge</a>","#ctl00_resPatInfo > ul > li:nth-child(4) > a"
"WCAG2AAA.Principle2.Guideline2_4.2_4_9.H30","Check that text of the link describes the purpose of the link.","notice","<a tabindex=\"7\" href=\"/info.aspx?p=11\">Couch to 5K Challenge</a>","#ctl00_resPatInfo > ul > li:nth-child(4) > a"
"WCAG2AAA.Principle1.Guideline1_4.1_4_6.G17.BgImage","This element's text is placed on a background image. Ensure the contrast ratio between the text and all covered parts of the image are at least 7:1.","warning","<a tabindex=\"8\" href=\"/info.aspx?p=16\">Medication Storage and Disposal</a>","#ctl00_resPatInfo > ul > li:nth-child(5) > a"
"WCAG2AAA.Principle2.Guideline2_4.2_4_9.H30","Check that text of the link describes the purpose of the link.","notice","<a tabindex=\"8\" href=\"/info.aspx?p=16\">Medication Storage and Disposal</a>","#ctl00_resPatInfo > ul > li:nth-child(5) > a"
"WCAG2AAA.Principle1.Guideline1_4.1_4_6.G17.BgImage","This element's text is placed on a background image. Ensure the contrast ratio between the text and all covered parts of the image are at least 7:1.","warning","<a tabindex=\"9\" href=\"/info.aspx?p=3\">Carers Direct</a>","#ctl00_resPatInfo > ul > li:nth-child(6) > a"
"WCAG2AAA.Principle2.Guideline2_4.2_4_9.H30","Check that text of the link describes the purpose of the link.","notice","<a tabindex=\"9\" href=\"/info.aspx?p=3\">Carers Direct</a>","#ctl00_resPatInfo > ul > li:nth-child(6) > a"
"WCAG2AAA.Principle1.Guideline1_4.1_4_6.G17.BgImage","This element's text is placed on a background image. Ensure the contrast ratio between the text and all covered parts of the image are at least 7:1.","warning","<a tabindex=\"10\" href=\"/info.aspx?p=7\">Text Messaging Service</a>","#ctl00_resPatInfo > ul > li:nth-child(7) > a"
"WCAG2AAA.Principle2.Guideline2_4.2_4_9.H30","Check that text of the link describes the purpose of the link.","notice","<a tabindex=\"10\" href=\"/info.aspx?p=7\">Text Messaging Service</a>","#ctl00_resPatInfo > ul > li:nth-child(7) > a"
"WCAG2AAA.Principle1.Guideline1_4.1_4_6.G17.BgImage","This element's text is placed on a background image. Ensure the contrast ratio between the text and all covered parts of the image are at least 7:1.","warning","<a tabindex=\"11\" href=\"/info.aspx?p=6\">Research</a>","#ctl00_resPatInfo > ul > li:nth-child(8) > a"
"WCAG2AAA.Principle2.Guideline2_4.2_4_9.H30","Check that text of the link describes the purpose of the link.","notice","<a tabindex=\"11\" href=\"/info.aspx?p=6\">Research</a>","#ctl00_resPatInfo > ul > li:nth-child(8) > a"
"WCAG2AAA.Principle1.Guideline1_4.1_4_6.G17.BgImage","This element's text is placed on a background image. Ensure the contrast ratio between the text and all covered parts of the image are at least 7:1.","warning","<a tabindex=\"12\" href=\"/info.aspx?p=1\">In Times of Bereavement</a>","#ctl00_resPatInfo > ul > li:nth-child(9) > a"
"WCAG2AAA.Principle2.Guideline2_4.2_4_9.H30","Check that text of the link describes the purpose of the link.","notice","<a tabindex=\"12\" href=\"/info.aspx?p=1\">In Times of Bereavement</a>","#ctl00_resPatInfo > ul > li:nth-child(9) > a"
"WCAG2AAA.Principle1.Guideline1_4.1_4_6.G17.BgImage","This element's text is placed on a background image. Ensure the contrast ratio between the text and all covered parts of the image are at least 7:1.","warning","<a tabindex=\"13\" href=\"/info.aspx?p=20\">Practice Policies</a>","#ctl00_resPatInfo > ul > li:nth-child(10) > a"
"WCAG2AAA.Principle2.Guideline2_4.2_4_9.H30","Check that text of the link describes the purpose of the link.","notice","<a tabindex=\"13\" href=\"/info.aspx?p=20\">Practice Policies</a>","#ctl00_resPatInfo > ul > li:nth-child(10) > a"
"WCAG2AAA.Principle1.Guideline1_4.1_4_6.G17.BgImage","This element's text is placed on a background image. Ensure the contrast ratio between the text and all covered parts of the image are at least 7:1.","warning","<a tabindex=\"14\" href=\"/info.aspx?p=12\">Defibrillator List</a>","#ctl00_resPatInfo > ul > li:nth-child(11) > a"
"WCAG2AAA.Principle2.Guideline2_4.2_4_9.H30","Check that text of the link describes the purpose of the link.","notice","<a tabindex=\"14\" href=\"/info.aspx?p=12\">Defibrillator List</a>","#ctl00_resPatInfo > ul > li:nth-child(11) > a"
"WCAG2AAA.Principle1.Guideline1_4.1_4_6.G17.BgImage","This element's text is placed on a background image. Ensure the contrast ratio between the text and all covered parts of the image are at least 7:1.","warning","<a tabindex=\"15\" href=\"/info.aspx?p=10\">Care Quality Commission</a>","#ctl00_resPatInfo > ul > li:nth-child(12) > a"
"WCAG2AAA.Principle2.Guideline2_4.2_4_9.H30","Check that text of the link describes the purpose of the link.","notice","<a tabindex=\"15\" href=\"/info.aspx?p=10\">Care Quality Commission</a>","#ctl00_resPatInfo > ul > li:nth-child(12) > a"
"WCAG2AAA.Principle1.Guideline1_4.1_4_6.G17.BgImage","This element's text is placed on a background image. Ensure the contrast ratio between the text and all covered parts of the image are at least 7:1.","warning","<a tabindex=\"16\" href=\"/info.aspx?p=5\">GP Earnings</a>","#ctl00_resPatInfo > ul > li:nth-child(13) > a"
"WCAG2AAA.Principle2.Guideline2_4.2_4_9.H30","Check that text of the link describes the purpose of the link.","notice","<a tabindex=\"16\" href=\"/info.aspx?p=5\">GP Earnings</a>","#ctl00_resPatInfo > ul > li:nth-child(13) > a"
"WCAG2AAA.Principle1.Guideline1_4.1_4_6.G17.BgImage","This element's text is placed on a background image. Ensure the contrast ratio between the text and all covered parts of the image are at least 7:1.","warning","<a tabindex=\"17\" href=\"/info.aspx?p=4\">Need an NHS Dentist</a>","#ctl00_resPatInfo > ul > li:nth-child(14) > a"
"WCAG2AAA.Principle2.Guideline2_4.2_4_9.H30","Check that text of the link describes the purpose of the link.","notice","<a tabindex=\"17\" href=\"/info.aspx?p=4\">Need an NHS Dentist</a>","#ctl00_resPatInfo > ul > li:nth-child(14) > a"
"WCAG2AAA.Principle1.Guideline1_4.1_4_6.G17.BgImage","This element's text is placed on a background image. Ensure the contrast ratio between the text and all covered parts of the image are at least 7:1.","warning","<a tabindex=\"18\" href=\"/info.aspx?p=8\">Living Well to Work</a>","#ctl00_resPatInfo > ul > li:nth-child(15) > a"
"WCAG2AAA.Principle2.Guideline2_4.2_4_9.H30","Check that text of the link describes the purpose of the link.","notice","<a tabindex=\"18\" href=\"/info.aspx?p=8\">Living Well to Work</a>","#ctl00_resPatInfo > ul > li:nth-child(15) > a"
"WCAG2AAA.Principle1.Guideline1_4.1_4_6.G17.BgImage","This element's text is placed on a background image. Ensure the contrast ratio between the text and all covered parts of the image are at least 7:1.","warning","<a tabindex=\"19\" href=\"/info.aspx?p=9\">Summary Care Record</a>","#ctl00_resPatInfo > ul > li:nth-child(16) > a"
"WCAG2AAA.Principle2.Guideline2_4.2_4_9.H30","Check that text of the link describes the purpose of the link.","notice","<a tabindex=\"19\" href=\"/info.aspx?p=9\">Summary Care Record</a>","#ctl00_resPatInfo > ul > li:nth-child(16) > a"
"WCAG2AAA.Principle1.Guideline1_4.1_4_6.G17.BgImage","This element's text is placed on a background image. Ensure the contrast ratio between the text and all covered parts of the image are at least 7:1.","warning","<a tabindex=\"20\" href=\"/info.aspx?p=15\">Increased Access to General Pra...</a>","#ctl00_resPatInfo > ul > li:nth-child(17) > a"
"WCAG2AAA.Principle2.Guideline2_4.2_4_9.H30","Check that text of the link describes the purpose of the link.","notice","<a tabindex=\"20\" href=\"/info.aspx?p=15\">Increased Access to General Pra...</a>","#ctl00_resPatInfo > ul > li:nth-child(17) > a"
"WCAG2AAA.Principle1.Guideline1_4.1_4_6.G17.BgImage","This element's text is placed on a background image. Ensure the contrast ratio between the text and all covered parts of the image are at least 7:1.","warning","<h3 class=\"infoTitle yourHealthTitle show\">Your Health</h3>","#ctl00_resYourHealth > div > h3"
"WCAG2AAA.Principle1.Guideline1_4.1_4_6.G17.BgImage","This element's text is placed on a background image. Ensure the contrast ratio between the text and all covered parts of the image are at least 7:1.","warning","<a title=\"Find out about women's and men's health issues, sexual health, vaccinations and how to live a healthy lifestyle\" href=\"/family-health.aspx\">Family Health</a>","#ctl00_resYourHealth > div > ul > li:nth-child(1) > a"
"WCAG2AAA.Principle2.Guideline2_4.2_4_9.H30","Check that text of the link describes the purpose of the link.","notice","<a title=\"Find out about women's and men's health issues, sexual health, vaccinations and how to live a healthy lifestyle\" href=\"/family-health.aspx\">Family Health</a>","#ctl00_resYourHealth > div > ul > li:nth-child(1) > a"
"WCAG2AAA.Principle1.Guideline1_4.1_4_6.G17.BgImage","This element's text is placed on a background image. Ensure the contrast ratio between the text and all covered parts of the image are at least 7:1.","warning","<a title=\"Lots of information about heart disease, asthma, cancer, mental health, diabetes, COPD, osteoarthritis and pain\" href=\"/long_term_conditions.aspx\">Long Term Conditions</a>","#ctl00_resYourHealth > div > ul > li:nth-child(2) > a"
"WCAG2AAA.Principle2.Guideline2_4.2_4_9.H30","Check that text of the link describes the purpose of the link.","notice","<a title=\"Lots of information about heart disease, asthma, cancer, mental health, diabetes, COPD, osteoarthritis and pain\" href=\"/long_term_conditions.aspx\">Long Term Conditions</a>","#ctl00_resYourHealth > div > ul > li:nth-child(2) > a"
"WCAG2AAA.Principle1.Guideline1_4.1_4_6.G17.BgImage","This element's text is placed on a background image. Ensure the contrast ratio between the text and all covered parts of the image are at least 7:1.","warning","<a title=\"Get help on managing minor illnesses and conditions such as colds and diarrhoea\" href=\"/minor_illness.aspx\">Minor Illness</a>","#ctl00_resYourHealth > div > ul > li:nth-child(3) > a"
"WCAG2AAA.Principle2.Guideline2_4.2_4_9.H30","Check that text of the link describes the purpose of the link.","notice","<a title=\"Get help on managing minor illnesses and conditions such as colds and diarrhoea\" href=\"/minor_illness.aspx\">Minor Illness</a>","#ctl00_resYourHealth > div > ul > li:nth-child(3) > a"
"WCAG2AAA.Principle1.Guideline1_3.1_3_1.H48","If this element contains a navigation section, it is recommended that it be marked up as a list.","warning","<div id=\"ctl00_nhsDirect1\" class=\"nhsDirect1\"><a class=\"nhs111Link\" href=\"htt...</div>","#ctl00_nhsDirect1"
"WCAG2AAA.Principle2.Guideline2_4.2_4_9.H30","Check that text of the link describes the purpose of the link.","notice","<a class=\"nhs111Link\" href=\"http://www.nhs.uk/111/\" target=\"_blank\"><img src=\"/images/nhs_111.jpg\" ...</a>","#ctl00_nhsDirect1 > a:nth-child(1)"
"WCAG2AAA.Principle3.Guideline3_2.3_2_5.H83.3","Check that this link's link text contains information indicating that the link will open in a new window.","warning","<a class=\"nhs111Link\" href=\"http://www.nhs.uk/111/\" target=\"_blank\"><img src=\"/images/nhs_111.jpg\" ...</a>","#ctl00_nhsDirect1 > a:nth-child(1)"
"WCAG2AAA.Principle1.Guideline1_1.1_1_1.G94.Image","Ensure that the img element's alt text serves the same purpose and presents the same information as the image.","notice","<img src=\"/images/nhs_111.jpg\" alt=\"Call 111 when you need medical help fast but it’s not a 999 emergency\">","#ctl00_nhsDirect1 > a:nth-child(1) > img"
"WCAG2AAA.Principle1.Guideline1_1.1_1_1.G73,G74","If this image cannot be fully described in a short text alternative, ensure a long text alternative is also available, such as in the body text or through a link.","notice","<img src=\"/images/nhs_111.jpg\" alt=\"Call 111 when you need medical help fast but it’s not a 999 emergency\">","#ctl00_nhsDirect1 > a:nth-child(1) > img"
"WCAG2AAA.Principle2.Guideline2_4.2_4_9.H30","Check that text of the link describes the purpose of the link.","notice","<a class=\"nhsLink\" href=\"http://www.nhs.uk\" target=\"_blank\" title=\"NHS Choices\"><img src=\"/images/nhs_logo.gif\"...</a>","#ctl00_nhsDirect1 > a:nth-child(2)"
"WCAG2AAA.Principle3.Guideline3_2.3_2_5.H83.3","Check that this link's link text contains information indicating that the link will open in a new window.","warning","<a class=\"nhsLink\" href=\"http://www.nhs.uk\" target=\"_blank\" title=\"NHS Choices\"><img src=\"/images/nhs_logo.gif\"...</a>","#ctl00_nhsDirect1 > a:nth-child(2)"
"WCAG2AAA.Principle1.Guideline1_1.1_1_1.G94.Image","Ensure that the img element's alt text serves the same purpose and presents the same information as the image.","notice","<img src=\"/images/nhs_logo.gif\" alt=\"NHS Choices\">","#ctl00_nhsDirect1 > a:nth-child(2) > img"
"WCAG2AAA.Principle1.Guideline1_1.1_1_1.G73,G74","If this image cannot be fully described in a short text alternative, ensure a long text alternative is also available, such as in the body text or through a link.","notice","<img src=\"/images/nhs_logo.gif\" alt=\"NHS Choices\">","#ctl00_nhsDirect1 > a:nth-child(2) > img"
"WCAG2AAA.Principle2.Guideline2_4.2_4_9.H30","Check that text of the link describes the purpose of the link.","notice","<a class=\"mswLink\" href=\"http://www.mysurgerywebsite.co.uk\" target=\"_blank\"><img src=\"/images/msw_logo.jpg\"...</a>","#ctl00_nhsDirect1 > a:nth-child(3)"
"WCAG2AAA.Principle3.Guideline3_2.3_2_5.H83.3","Check that this link's link text contains information indicating that the link will open in a new window.","warning","<a class=\"mswLink\" href=\"http://www.mysurgerywebsite.co.uk\" target=\"_blank\"><img src=\"/images/msw_logo.jpg\"...</a>","#ctl00_nhsDirect1 > a:nth-child(3)"
"WCAG2AAA.Principle1.Guideline1_1.1_1_1.G94.Image","Ensure that the img element's alt text serves the same purpose and presents the same information as the image.","notice","<img src=\"/images/msw_logo.jpg\" alt=\"This site is brought to you by My Surgery Website\">","#ctl00_nhsDirect1 > a:nth-child(3) > img"
"WCAG2AAA.Principle1.Guideline1_1.1_1_1.G73,G74","If this image cannot be fully described in a short text alternative, ensure a long text alternative is also available, such as in the body text or through a link.","notice","<img src=\"/images/msw_logo.jpg\" alt=\"This site is brought to you by My Surgery Website\">","#ctl00_nhsDirect1 > a:nth-child(3) > img"
"WCAG2AAA.Principle1.Guideline1_4.1_4_6.G17.BgImage","This element's text is placed on a background image. Ensure the contrast ratio between the text and all covered parts of the image are at least 7:1.","warning","<p><a href=\"https://www.mysurgeryw...</p>","#ctl00_footer > p"
"WCAG2AAA.Principle1.Guideline1_3.1_3_1.H48","If this element contains a navigation section, it is recommended that it be marked up as a list.","warning","<p><a href=\"https://www.mysurgeryw...</p>","#ctl00_footer > p"
"WCAG2AAA.Principle1.Guideline1_4.1_4_6.G17.BgImage","This element's text is placed on a background image. Ensure the contrast ratio between the text and all covered parts of the image are at least 7:1.","warning","<a href=\"https://www.mysurgerywebsite.co.uk\" target=\"_blank\">Copyright 2006 - 2019 My Surger...</a>","#ctl00_footer > p > a:nth-child(1)"
"WCAG2AAA.Principle2.Guideline2_4.2_4_9.H30","Check that text of the link describes the purpose of the link.","notice","<a href=\"https://www.mysurgerywebsite.co.uk\" target=\"_blank\">Copyright 2006 - 2019 My Surger...</a>","#ctl00_footer > p > a:nth-child(1)"
"WCAG2AAA.Principle3.Guideline3_2.3_2_5.H83.3","Check that this link's link text contains information indicating that the link will open in a new window.","warning","<a href=\"https://www.mysurgerywebsite.co.uk\" target=\"_blank\">Copyright 2006 - 2019 My Surger...</a>","#ctl00_footer > p > a:nth-child(1)"
"WCAG2AAA.Principle1.Guideline1_4.1_4_6.G17.BgImage","This element's text is placed on a background image. Ensure the contrast ratio between the text and all covered parts of the image are at least 7:1.","warning","<a href=\"https://www.mysurgerywebsite.co.uk/disclaimer.htm\" target=\"_blank\">Privacy &amp; Usage</a>","#ctl00_footer > p > a:nth-child(2)"
"WCAG2AAA.Principle2.Guideline2_4.2_4_9.H30","Check that text of the link describes the purpose of the link.","notice","<a href=\"https://www.mysurgerywebsite.co.uk/disclaimer.htm\" target=\"_blank\">Privacy &amp; Usage</a>","#ctl00_footer > p > a:nth-child(2)"
"WCAG2AAA.Principle3.Guideline3_2.3_2_5.H83.3","Check that this link's link text contains information indicating that the link will open in a new window.","warning","<a href=\"https://www.mysurgerywebsite.co.uk/disclaimer.htm\" target=\"_blank\">Privacy &amp; Usage</a>","#ctl00_footer > p > a:nth-child(2)"
"WCAG2AAA.Principle1.Guideline1_4.1_4_6.G17.BgImage","This element's text is placed on a background image. Ensure the contrast ratio between the text and all covered parts of the image are at least 7:1.","warning","<a rel=\"nofollow\" href=\"/index_form.aspx\">Edit</a>","#ctl00_footer > p > a:nth-child(3)"
"WCAG2AAA.Principle2.Guideline2_4.2_4_9.H30","Check that text of the link describes the purpose of the link.","notice","<a rel=\"nofollow\" href=\"/index_form.aspx\">Edit</a>","#ctl00_footer > p > a:nth-child(3)"
"WCAG2AAA.Principle1.Guideline1_4.1_4_6.G17.BgImage","This element's text is placed on a background image. Ensure the contrast ratio between the text and all covered parts of the image are at least 7:1.","warning","<a rel=\"nofollow\" href=\"https://www.mysurgerywebsite.co.uk/secure/gpindex.aspx?pr=L82035\">Staff Home</a>","#ctl00_footer > p > a:nth-child(4)"
"WCAG2AAA.Principle2.Guideline2_4.2_4_9.H30","Check that text of the link describes the purpose of the link.","notice","<a rel=\"nofollow\" href=\"https://www.mysurgerywebsite.co.uk/secure/gpindex.aspx?pr=L82035\">Staff Home</a>","#ctl00_footer > p > a:nth-child(4)"
"WCAG2AAA.Principle1.Guideline1_4.1_4_6.G17.BgImage","This element's text is placed on a background image. Ensure the contrast ratio between the text and all covered parts of the image are at least 7:1.","warning","<a href=\"/site-map.aspx?pr=L82035\">Site Map</a>","#ctl00_footer > p > a:nth-child(5)"
"WCAG2AAA.Principle2.Guideline2_4.2_4_9.H30","Check that text of the link describes the purpose of the link.","notice","<a href=\"/site-map.aspx?pr=L82035\">Site Map</a>","#ctl00_footer > p > a:nth-child(5)"
"WCAG2AAA.Principle1.Guideline1_4.1_4_6.G17.BgImage","This element's text is placed on a background image. Ensure the contrast ratio between the text and all covered parts of the image are at least 7:1.","warning","<a href=\"/Accessibility.aspx?pr=L82035\">Accessibility</a>","#ctl00_footer > p > a:nth-child(6)"
"WCAG2AAA.Principle2.Guideline2_4.2_4_9.H30","Check that text of the link describes the purpose of the link.","notice","<a href=\"/Accessibility.aspx?pr=L82035\">Accessibility</a>","#ctl00_footer > p > a:nth-child(6)"
"WCAG2AAA.Principle1.Guideline1_4.1_4_6.G17.BgImage","This element's text is placed on a background image. Ensure the contrast ratio between the text and all covered parts of the image are at least 7:1.","warning","<a href=\"help/My Surgery Website Site Terms and Conditions.pdf\">Site T&amp;C's</a>","#ctl00_footer > p > a:nth-child(7)"
"WCAG2AAA.Principle2.Guideline2_4.2_4_9.H30","Check that text of the link describes the purpose of the link.","notice","<a href=\"help/My Surgery Website Site Terms and Conditions.pdf\">Site T&amp;C's</a>","#ctl00_footer > p > a:nth-child(7)"
"WCAG2AAA.Principle1.Guideline1_4.1_4_6.G17.BgImage","This element's text is placed on a background image. Ensure the contrast ratio between the text and all covered parts of the image are at least 7:1.","warning","<a href=\"help/My Surgery Website Service Terms and Conditions.pdf\">Service T&amp;C's</a>","#ctl00_footer > p > a:nth-child(8)"
"WCAG2AAA.Principle2.Guideline2_4.2_4_9.H30","Check that text of the link describes the purpose of the link.","notice","<a href=\"help/My Surgery Website Service Terms and Conditions.pdf\">Service T&amp;C's</a>","#ctl00_footer > p > a:nth-child(8)"