"code","message","type","context","selector"
"WCAG2AAA.Principle2.Guideline2_4.2_4_2.H25.1.EmptyTitle","The title element in the head section should be non-empty.","error","<title>\n\n</title>","#ctl00_Head1 > title"
"WCAG2AAA.Principle3.Guideline3_1.3_1_1.H57.2","The html element should have a lang or xml:lang attribute which describes the language of the document.","error","<html xmlns=\"http://www.w3.org/1999/xhtml\" style=\"height: 100%;\"><!--<![endif]--><head id=\"ctl00...</html>","html"
"WCAG2AAA.Principle2.Guideline2_4.2_4_8.H59.2b","Link element is missing a non-empty href attribute pointing to the resource being linked.","error","<link id=\"ctl00_pracstyle\" type=\"text/css\" rel=\"stylesheet\">","#ctl00_pracstyle"
"WCAG2AAA.Principle2.Guideline2_4.2_4_1.H64.1","Iframe element requires a non-empty title attribute that identifies the frame.","error","<iframe id=\":2.container\" class=\"goog-te-banner-frame skiptranslate\" frameborder=\"0\" src=\"javascript:''\" style=\"visibility:visible\"></iframe>","#:2.container"
"WCAG2AAA.Principle3.Guideline3_2.3_2_2.H32.2","This form does not contain a submit button, which creates issues for those who cannot submit the form using the keyboard. Submit buttons are INPUT elements with type attribute \"submit\" or \"image\", or BUTTON elements with type \"submit\" or omitted/invalid.","error","<form method=\"post\" action=\"./\" id=\"aspnetForm\">\n<input type=\"hidden\" name=\"__V...</form>","#aspnetForm"
"WCAG2AAA.Principle3.Guideline3_3.3_3_1.G83,G84,G85","If an input error is automatically detected in this form, check that the item(s) in error are identified and the error(s) are described to the user in text.","notice","<form method=\"post\" action=\"./\" id=\"aspnetForm\">\n<input type=\"hidden\" name=\"__V...</form>","#aspnetForm"
"WCAG2AAA.Principle3.Guideline3_3.3_3_2.G131,G89,G184,H90","Check that descriptive labels or instructions (including for required fields) are provided for user input in this form.","notice","<form method=\"post\" action=\"./\" id=\"aspnetForm\">\n<input type=\"hidden\" name=\"__V...</form>","#aspnetForm"
"WCAG2AAA.Principle3.Guideline3_3.3_3_3.G177","Check that this form provides suggested corrections to errors in user input, unless it would jeopardize the security or purpose of the content.","notice","<form method=\"post\" action=\"./\" id=\"aspnetForm\">\n<input type=\"hidden\" name=\"__V...</form>","#aspnetForm"
"WCAG2AAA.Principle3.Guideline3_3.3_3_5.G71,G184,G193","Check that context-sensitive help is available for this form, at a Web-page and/or control level.","notice","<form method=\"post\" action=\"./\" id=\"aspnetForm\">\n<input type=\"hidden\" name=\"__V...</form>","#aspnetForm"
"WCAG2AAA.Principle3.Guideline3_3.3_3_6.G98,G99,G155,G164,G168.AllForms","Check that submissions to this form are either reversible, checked for input errors, and/or confirmed by the user.","notice","<form method=\"post\" action=\"./\" id=\"aspnetForm\">\n<input type=\"hidden\" name=\"__V...</form>","#aspnetForm"
"WCAG2AAA.Principle3.Guideline3_2.3_2_1.G107","Check that a change of context does not occur when this input field receives focus.","notice","<input type=\"hidden\" name=\"__VIEWSTATE\" id=\"__VIEWSTATE\" value=\"aE6bYlBg/DNq2kMNh8Dn99BPltZWYOBLJPN/ZNfsbvGKtXrtcAZR5NTwb+qM6FNh4CY9PdAjsR26Kz6sMGKrEuJ1kgqVkkejSNa1ifTWXl0=\">","#__VIEWSTATE"
"WCAG2AAA.Principle3.Guideline3_2.3_2_1.G107","Check that a change of context does not occur when this input field receives focus.","notice","<input type=\"hidden\" name=\"__VIEWSTATEGENERATOR\" id=\"__VIEWSTATEGENERATOR\" value=\"90059987\">","#__VIEWSTATEGENERATOR"
"WCAG2AAA.Principle3.Guideline3_2.3_2_1.G107","Check that a change of context does not occur when this input field receives focus.","notice","<input type=\"hidden\" name=\"__EVENTVALIDATION\" id=\"__EVENTVALIDATION\" value=\"JFPMlsvYSIqee4/Px/cr6B+zQO0G25wZhR373N9wCSajREAUaF8K8JDJBGRW1A03BcpDcP9LpmXkotmRgs+/4Y5D96UGKZnFcE6uL5o+xjgv/83SzFYc1ZDqAD20V+XxHBH31ScpXC6awq87Ms5xqw==\">","#__EVENTVALIDATION"
"WCAG2AAA.Principle3.Guideline3_2.3_2_1.G107","Check that a change of context does not occur when this input field receives focus.","notice","<input type=\"button\" name=\"ctl00$buttonEUCookieYes\" value=\"Continue\" onclick=\"javascript:__doPostBack('ctl00$buttonEUCookieYes','')\" id=\"ctl00_buttonEUCookieYes\" accesskey=\"c\" class=\"eucookiego\">","#ctl00_buttonEUCookieYes"
"WCAG2AAA.Principle3.Guideline3_2.3_2_1.G107","Check that a change of context does not occur when this input field receives focus.","notice","<input type=\"button\" name=\"ctl00$buttonEUCookieMore\" value=\"Learn more\" onclick=\"javascript:__doPostBack('ctl00$buttonEUCookieMore','')\" id=\"ctl00_buttonEUCookieMore\" class=\"eucookiego\">","#ctl00_buttonEUCookieMore"
"WCAG2AAA.Principle2.Guideline2_4.2_4_9.H30","Check that text of the link describes the purpose of the link.","notice","<a href=\"http://www.mysurgerywebsite.com\">My Surgery Website</a>","#ctl00_divContainer > div:nth-child(2) > div > div:nth-child(1) > a"
"WCAG2AAA.Principle2.Guideline2_4.2_4_9.H30","Check that text of the link describes the purpose of the link.","notice","<a href=\"#\" onclick=\"toggleTranslate(); return false;\">Translate this page</a>","#ctl00_translateUpper > a"
"WCAG2AAA.Principle1.Guideline1_1.1_1_1.H67.2","Img element is marked so that it is ignored by Assistive Technology.","warning","<img src=\"https://www.google.com/images/cleardot.gif\" class=\"goog-te-gadget-icon\" alt=\"\" style=\"background-image: url(https://translate.googleapis.com/translate_static/img/te_ctrl3.gif); background-position: -65px 0px;\">","#:0.targetLanguage > img"
"WCAG2AAA.Principle1.Guideline1_4.1_4_3_F24.F24.BGColour","Check that this element has an inherited foreground colour to complement the corresponding inline background colour or image.","warning","<img src=\"https://www.google.com/images/cleardot.gif\" class=\"goog-te-gadget-icon\" alt=\"\" style=\"background-image: url(https://translate.googleapis.com/translate_static/img/te_ctrl3.gif); background-position: -65px 0px;\">","#:0.targetLanguage > img"
"WCAG2AAA.Principle1.Guideline1_1.1_1_1.G73,G74","If this image cannot be fully described in a short text alternative, ensure a long text alternative is also available, such as in the body text or through a link.","notice","<img src=\"https://www.google.com/images/cleardot.gif\" class=\"goog-te-gadget-icon\" alt=\"\" style=\"background-image: url(https://translate.googleapis.com/translate_static/img/te_ctrl3.gif); background-position: -65px 0px;\">","#:0.targetLanguage > img"
"WCAG2AAA.Principle2.Guideline2_4.2_4_9.H30","Check that text of the link describes the purpose of the link.","notice","<a aria-haspopup=\"true\" class=\"goog-te-menu-value\" href=\"javascript:void(0)\"><span>选择语言</span><img src=\"http...</a>","#:0.targetLanguage > span > a"
"WCAG2AAA.Principle1.Guideline1_1.1_1_1.H67.2","Img element is marked so that it is ignored by Assistive Technology.","warning","<img src=\"https://www.google.com/images/cleardot.gif\" alt=\"\" width=\"1\" height=\"1\">","#:0.targetLanguage > span > a > img:nth-child(2)"
"WCAG2AAA.Principle1.Guideline1_1.1_1_1.G73,G74","If this image cannot be fully described in a short text alternative, ensure a long text alternative is also available, such as in the body text or through a link.","notice","<img src=\"https://www.google.com/images/cleardot.gif\" alt=\"\" width=\"1\" height=\"1\">","#:0.targetLanguage > span > a > img:nth-child(2)"
"WCAG2AAA.Principle1.Guideline1_1.1_1_1.H67.2","Img element is marked so that it is ignored by Assistive Technology.","warning","<img src=\"https://www.google.com/images/cleardot.gif\" alt=\"\" width=\"1\" height=\"1\">","#:0.targetLanguage > span > a > img:nth-child(4)"
"WCAG2AAA.Principle1.Guideline1_1.1_1_1.G73,G74","If this image cannot be fully described in a short text alternative, ensure a long text alternative is also available, such as in the body text or through a link.","notice","<img src=\"https://www.google.com/images/cleardot.gif\" alt=\"\" width=\"1\" height=\"1\">","#:0.targetLanguage > span > a > img:nth-child(4)"
"WCAG2AAA.Principle1.Guideline1_4.1_4_6.G18.BgImage","This element's text is placed on a background image. Ensure the contrast ratio between the text and all covered parts of the image are at least 4.5:1.","warning","<a href=\"/index.aspx?pr=L81078\" title=\"Gloucester Road Medical Centre\">Gloucester Road Medical Centre</a>","#ctl00_header > div > div > a"
"WCAG2AAA.Principle2.Guideline2_4.2_4_9.H30","Check that text of the link describes the purpose of the link.","notice","<a href=\"/index.aspx?pr=L81078\" title=\"Gloucester Road Medical Centre\">Gloucester Road Medical Centre</a>","#ctl00_header > div > div > a"
"WCAG2AAA.Principle1.Guideline1_4.1_4_6.G17.BgImage","This element's text is placed on a background image. Ensure the contrast ratio between the text and all covered parts of the image are at least 7:1.","warning","<a href=\"contact1.aspx?p=L81078\" title=\"Full contact details\">1A Church Road, Horfield, Brist...</a>","#ctl00_addressBox > p > a"
"WCAG2AAA.Principle2.Guideline2_4.2_4_9.H30","Check that text of the link describes the purpose of the link.","notice","<a href=\"contact1.aspx?p=L81078\" title=\"Full contact details\">1A Church Road, Horfield, Brist...</a>","#ctl00_addressBox > p > a"
"WCAG2AAA.Principle1.Guideline1_4.1_4_6.G17.BgImage","This element's text is placed on a background image. Ensure the contrast ratio between the text and all covered parts of the image are at least 7:1.","warning","<b>Tel: 0117 949 7774</b>","#ctl00_addressBox > p > a > b"
"WCAG2AAA.Principle1.Guideline1_3.1_3_1_AAA.G141","The heading structure is not logically nested. This h3 element appears to be the primary document heading, so should be an h1 element.","error","<h3 class=\"infoTitle\">Quick Links</h3>","#ctl00_resUpperLinks > h3"
"WCAG2AAA.Principle2.Guideline2_4.2_4_9.H30","Check that text of the link describes the purpose of the link.","notice","<a title=\"Access online services\" href=\"doitonline.aspx\">Online Services</a>","#ctl00_resUpperLinks > div:nth-child(2) > a"
"WCAG2AAA.Principle2.Guideline2_4.2_4_9.H30","Check that text of the link describes the purpose of the link.","notice","<a title=\"The latest news\" href=\"news.aspx?p=L81078\">Latest News</a>","#ctl00_resUpperLinks > div:nth-child(3) > a"
"WCAG2AAA.Principle2.Guideline2_4.2_4_9.H30","Check that text of the link describes the purpose of the link.","notice","<a title=\"Search the site\" href=\"search.aspx\">Search</a>","#ctl00_resUpperLinks > div:nth-child(4) > a"
"WCAG2AAA.Principle1.Guideline1_4.1_4_6.G18.BgImage","This element's text is placed on a background image. Ensure the contrast ratio between the text and all covered parts of the image are at least 4.5:1.","warning","<div id=\"menu-button\">Menu</div>","#menu-button"
"WCAG2AAA.Principle2.Guideline2_4.2_4_9.H30","Check that text of the link describes the purpose of the link.","notice","<a href=\"/index.aspx\">Home</a>","#menuItem11601 > a"
"WCAG2AAA.Principle2.Guideline2_4.2_4_9.H30","Check that text of the link describes the purpose of the link.","notice","<a href=\"/opening-times.aspx\">Opening Times</a>","#menuItem11602 > a"
"WCAG2AAA.Principle2.Guideline2_4.2_4_9.H30","Check that text of the link describes the purpose of the link.","notice","<a href=\"/page1.aspx?p=3&amp;t=1\">Opening Times</a>","#menuItemsub0 > a"
"WCAG2AAA.Principle4.Guideline4_1.4_1_1.F77","Duplicate id attribute value \"menuItemsub0\" found on the web page.","error","<li id=\"menuItemsub0\" tabindex=\"0\"><a href=\"/page1.aspx?p=3&amp;t=...</li>","#menuItemsub0"
"WCAG2AAA.Principle2.Guideline2_4.2_4_9.H30","Check that text of the link describes the purpose of the link.","notice","<a href=\"/page1.aspx?p=3&amp;t=2\">GP Availability</a>","#menuItemsub0 > a"
"WCAG2AAA.Principle4.Guideline4_1.4_1_1.F77","Duplicate id attribute value \"menuItemsub0\" found on the web page.","error","<li id=\"menuItemsub0\" tabindex=\"0\"><a href=\"/page1.aspx?p=3&amp;t=...</li>","#menuItemsub0"
"WCAG2AAA.Principle2.Guideline2_4.2_4_9.H30","Check that text of the link describes the purpose of the link.","notice","<a href=\"/page1.aspx?p=3&amp;t=3\">When We Are Closed</a>","#menuItemsub0 > a"
"WCAG2AAA.Principle2.Guideline2_4.2_4_9.H30","Check that text of the link describes the purpose of the link.","notice","<a href=\"/doitonline.aspx\">Online Services</a>","#menuItem23 > a"
"WCAG2AAA.Principle2.Guideline2_4.2_4_9.H30","Check that text of the link describes the purpose of the link.","notice","<a href=\"/making-appointments.aspx\">Appointments</a>","#menuItem11604 > a"
"WCAG2AAA.Principle4.Guideline4_1.4_1_1.F77","Duplicate id attribute value \"menuItemsub0\" found on the web page.","error","<li id=\"menuItemsub0\" tabindex=\"0\"><a href=\"/page1.aspx?p=2&amp;t=...</li>","#menuItemsub0"
"WCAG2AAA.Principle2.Guideline2_4.2_4_9.H30","Check that text of the link describes the purpose of the link.","notice","<a href=\"/page1.aspx?p=2&amp;t=1\">Appointments</a>","#menuItemsub0 > a"
"WCAG2AAA.Principle4.Guideline4_1.4_1_1.F77","Duplicate id attribute value \"menuItemsub0\" found on the web page.","error","<li id=\"menuItemsub0\" tabindex=\"0\"><a href=\"/page1.aspx?p=2&amp;t=...</li>","#menuItemsub0"
"WCAG2AAA.Principle2.Guideline2_4.2_4_9.H30","Check that text of the link describes the purpose of the link.","notice","<a href=\"/page1.aspx?p=2&amp;t=2\">Text message reminders</a>","#menuItemsub0 > a"
"WCAG2AAA.Principle4.Guideline4_1.4_1_1.F77","Duplicate id attribute value \"menuItemsub0\" found on the web page.","error","<li id=\"menuItemsub0\" tabindex=\"0\"><a href=\"/page1.aspx?p=2&amp;t=...</li>","#menuItemsub0"
"WCAG2AAA.Principle2.Guideline2_4.2_4_9.H30","Check that text of the link describes the purpose of the link.","notice","<a href=\"/page1.aspx?p=2&amp;t=3\">E-Referrals</a>","#menuItemsub0 > a"
"WCAG2AAA.Principle4.Guideline4_1.4_1_1.F77","Duplicate id attribute value \"menuItemsub0\" found on the web page.","error","<li id=\"menuItemsub0\" tabindex=\"0\"><a href=\"/page1.aspx?p=2&amp;t=...</li>","#menuItemsub0"
"WCAG2AAA.Principle2.Guideline2_4.2_4_9.H30","Check that text of the link describes the purpose of the link.","notice","<a href=\"/page1.aspx?p=2&amp;t=4\">Home Visits</a>","#menuItemsub0 > a"
"WCAG2AAA.Principle4.Guideline4_1.4_1_1.F77","Duplicate id attribute value \"menuItemsub0\" found on the web page.","error","<li id=\"menuItemsub0\" tabindex=\"0\"><a href=\"/page1.aspx?p=2&amp;t=...</li>","#menuItemsub0"
"WCAG2AAA.Principle2.Guideline2_4.2_4_9.H30","Check that text of the link describes the purpose of the link.","notice","<a href=\"/page1.aspx?p=2&amp;t=5\">Been Off Work?</a>","#menuItemsub0 > a"
"WCAG2AAA.Principle4.Guideline4_1.4_1_1.F77","Duplicate id attribute value \"menuItemsub0\" found on the web page.","error","<li id=\"menuItemsub0\" tabindex=\"0\"><a href=\"/page1.aspx?p=2&amp;t=...</li>","#menuItemsub0"
"WCAG2AAA.Principle2.Guideline2_4.2_4_9.H30","Check that text of the link describes the purpose of the link.","notice","<a href=\"/page1.aspx?p=2&amp;t=6\">Training Practice</a>","#menuItemsub0 > a"
"WCAG2AAA.Principle4.Guideline4_1.4_1_1.F77","Duplicate id attribute value \"menuItemsub0\" found on the web page.","error","<li id=\"menuItemsub0\" tabindex=\"0\"><a href=\"/page1.aspx?p=2&amp;t=...</li>","#menuItemsub0"
"WCAG2AAA.Principle2.Guideline2_4.2_4_9.H30","Check that text of the link describes the purpose of the link.","notice","<a href=\"/page1.aspx?p=2&amp;t=7\">Referral Guidance</a>","#menuItemsub0 > a"
"WCAG2AAA.Principle2.Guideline2_4.2_4_9.H30","Check that text of the link describes the purpose of the link.","notice","<a href=\"/prescriptions.aspx\">Prescriptions</a>","#menuItem11605 > a"
"WCAG2AAA.Principle4.Guideline4_1.4_1_1.F77","Duplicate id attribute value \"menuItemsub0\" found on the web page.","error","<li id=\"menuItemsub0\" tabindex=\"0\"><a href=\"/prescriptions.aspx?t=...</li>","#menuItemsub0"
"WCAG2AAA.Principle2.Guideline2_4.2_4_9.H30","Check that text of the link describes the purpose of the link.","notice","<a href=\"/prescriptions.aspx?t=1\">Repeat Prescriptions</a>","#menuItemsub0 > a"
"WCAG2AAA.Principle4.Guideline4_1.4_1_1.F77","Duplicate id attribute value \"menuItemsub0\" found on the web page.","error","<li id=\"menuItemsub0\" tabindex=\"0\"><a href=\"/prescriptions.aspx?t=...</li>","#menuItemsub0"
"WCAG2AAA.Principle2.Guideline2_4.2_4_9.H30","Check that text of the link describes the purpose of the link.","notice","<a href=\"/prescriptions.aspx?t=2\">Prescriptions Fees</a>","#menuItemsub0 > a"
"WCAG2AAA.Principle4.Guideline4_1.4_1_1.F77","Duplicate id attribute value \"menuItemsub0\" found on the web page.","error","<li id=\"menuItemsub0\" tabindex=\"0\"><a href=\"/prescriptions.aspx?t=...</li>","#menuItemsub0"
"WCAG2AAA.Principle2.Guideline2_4.2_4_9.H30","Check that text of the link describes the purpose of the link.","notice","<a href=\"/prescriptions.aspx?t=3\">Local Chemists</a>","#menuItemsub0 > a"
"WCAG2AAA.Principle4.Guideline4_1.4_1_1.F77","Duplicate id attribute value \"menuItemsub0\" found on the web page.","error","<li id=\"menuItemsub0\" tabindex=\"0\"><a href=\"/prescriptions.aspx?t=...</li>","#menuItemsub0"
"WCAG2AAA.Principle2.Guideline2_4.2_4_9.H30","Check that text of the link describes the purpose of the link.","notice","<a href=\"/prescriptions.aspx?t=4\">Late night chemists</a>","#menuItemsub0 > a"
"WCAG2AAA.Principle2.Guideline2_4.2_4_9.H30","Check that text of the link describes the purpose of the link.","notice","<a href=\"/clinics-and-services.aspx\">Clinics &amp; Services</a>","#menuItem11606 > a"
"WCAG2AAA.Principle4.Guideline4_1.4_1_1.F77","Duplicate id attribute value \"menuItemsub0\" found on the web page.","error","<li id=\"menuItemsub0\" tabindex=\"0\"><a href=\"/page1.aspx?p=1&amp;t=...</li>","#menuItemsub0"
"WCAG2AAA.Principle2.Guideline2_4.2_4_9.H30","Check that text of the link describes the purpose of the link.","notice","<a href=\"/page1.aspx?p=1&amp;t=1\">Clinics &amp; Services</a>","#menuItemsub0 > a"
"WCAG2AAA.Principle4.Guideline4_1.4_1_1.F77","Duplicate id attribute value \"menuItemsub0\" found on the web page.","error","<li id=\"menuItemsub0\" tabindex=\"0\"><a href=\"/page1.aspx?p=1&amp;t=...</li>","#menuItemsub0"
"WCAG2AAA.Principle2.Guideline2_4.2_4_9.H30","Check that text of the link describes the purpose of the link.","notice","<a href=\"/page1.aspx?p=1&amp;t=2\">Travel Vaccinations</a>","#menuItemsub0 > a"
"WCAG2AAA.Principle4.Guideline4_1.4_1_1.F77","Duplicate id attribute value \"menuItemsub0\" found on the web page.","error","<li id=\"menuItemsub0\" tabindex=\"0\"><a href=\"/page1.aspx?p=1&amp;t=...</li>","#menuItemsub0"
"WCAG2AAA.Principle2.Guideline2_4.2_4_9.H30","Check that text of the link describes the purpose of the link.","notice","<a href=\"/page1.aspx?p=1&amp;t=3\">Blood Tests</a>","#menuItemsub0 > a"
"WCAG2AAA.Principle4.Guideline4_1.4_1_1.F77","Duplicate id attribute value \"menuItemsub0\" found on the web page.","error","<li id=\"menuItemsub0\" tabindex=\"0\"><a href=\"/page1.aspx?p=1&amp;t=...</li>","#menuItemsub0"
"WCAG2AAA.Principle2.Guideline2_4.2_4_9.H30","Check that text of the link describes the purpose of the link.","notice","<a href=\"/page1.aspx?p=1&amp;t=4\">Test Results</a>","#menuItemsub0 > a"
"WCAG2AAA.Principle4.Guideline4_1.4_1_1.F77","Duplicate id attribute value \"menuItemsub0\" found on the web page.","error","<li id=\"menuItemsub0\" tabindex=\"0\"><a href=\"/page1.aspx?p=1&amp;t=...</li>","#menuItemsub0"
"WCAG2AAA.Principle2.Guideline2_4.2_4_9.H30","Check that text of the link describes the purpose of the link.","notice","<a href=\"/page1.aspx?p=1&amp;t=5\">X-Ray</a>","#menuItemsub0 > a"
"WCAG2AAA.Principle4.Guideline4_1.4_1_1.F77","Duplicate id attribute value \"menuItemsub0\" found on the web page.","error","<li id=\"menuItemsub0\" tabindex=\"0\"><a href=\"/page1.aspx?p=1&amp;t=...</li>","#menuItemsub0"
"WCAG2AAA.Principle2.Guideline2_4.2_4_9.H30","Check that text of the link describes the purpose of the link.","notice","<a href=\"/page1.aspx?p=1&amp;t=6\">Non-NHS Services</a>","#menuItemsub0 > a"
"WCAG2AAA.Principle4.Guideline4_1.4_1_1.F77","Duplicate id attribute value \"menuItemsub0\" found on the web page.","error","<li id=\"menuItemsub0\" tabindex=\"0\"><a href=\"/page1.aspx?p=1&amp;t=...</li>","#menuItemsub0"
"WCAG2AAA.Principle2.Guideline2_4.2_4_9.H30","Check that text of the link describes the purpose of the link.","notice","<a href=\"/page1.aspx?p=1&amp;t=7\">Private Counselling Services</a>","#menuItemsub0 > a"
"WCAG2AAA.Principle4.Guideline4_1.4_1_1.F77","Duplicate id attribute value \"menuItemsub0\" found on the web page.","error","<li id=\"menuItemsub0\" tabindex=\"0\"><a href=\"/page1.aspx?p=1&amp;t=...</li>","#menuItemsub0"
"WCAG2AAA.Principle2.Guideline2_4.2_4_9.H30","Check that text of the link describes the purpose of the link.","notice","<a href=\"/page1.aspx?p=1&amp;t=8\">Urgent dental services - NHS</a>","#menuItemsub0 > a"
"WCAG2AAA.Principle2.Guideline2_4.2_4_9.H30","Check that text of the link describes the purpose of the link.","notice","<a href=\"/tests-and-results.aspx\">Practice Information</a>","#menuItem11607 > a"
"WCAG2AAA.Principle4.Guideline4_1.4_1_1.F77","Duplicate id attribute value \"menuItemsub0\" found on the web page.","error","<li id=\"menuItemsub0\" tabindex=\"0\"><a href=\"/page1.aspx?p=8&amp;t=...</li>","#menuItemsub0"
"WCAG2AAA.Principle2.Guideline2_4.2_4_9.H30","Check that text of the link describes the purpose of the link.","notice","<a href=\"/page1.aspx?p=8&amp;t=1\">Practice History</a>","#menuItemsub0 > a"
"WCAG2AAA.Principle4.Guideline4_1.4_1_1.F77","Duplicate id attribute value \"menuItemsub0\" found on the web page.","error","<li id=\"menuItemsub0\" tabindex=\"0\"><a href=\"/page1.aspx?p=8&amp;t=...</li>","#menuItemsub0"
"WCAG2AAA.Principle2.Guideline2_4.2_4_9.H30","Check that text of the link describes the purpose of the link.","notice","<a href=\"/page1.aspx?p=8&amp;t=2\">Complaints</a>","#menuItemsub0 > a"
"WCAG2AAA.Principle4.Guideline4_1.4_1_1.F77","Duplicate id attribute value \"menuItemsub0\" found on the web page.","error","<li id=\"menuItemsub0\" tabindex=\"0\"><a href=\"/page1.aspx?p=8&amp;t=...</li>","#menuItemsub0"
"WCAG2AAA.Principle2.Guideline2_4.2_4_9.H30","Check that text of the link describes the purpose of the link.","notice","<a href=\"/page1.aspx?p=8&amp;t=3\">Care Quality Commission</a>","#menuItemsub0 > a"
"WCAG2AAA.Principle4.Guideline4_1.4_1_1.F77","Duplicate id attribute value \"menuItemsub0\" found on the web page.","error","<li id=\"menuItemsub0\" tabindex=\"0\"><a href=\"/page1.aspx?p=8&amp;t=...</li>","#menuItemsub0"
"WCAG2AAA.Principle2.Guideline2_4.2_4_9.H30","Check that text of the link describes the purpose of the link.","notice","<a href=\"/page1.aspx?p=8&amp;t=4\">Your Medical Record</a>","#menuItemsub0 > a"
"WCAG2AAA.Principle4.Guideline4_1.4_1_1.F77","Duplicate id attribute value \"menuItemsub0\" found on the web page.","error","<li id=\"menuItemsub0\" tabindex=\"0\"><a href=\"/page1.aspx?p=8&amp;t=...</li>","#menuItemsub0"
"WCAG2AAA.Principle2.Guideline2_4.2_4_9.H30","Check that text of the link describes the purpose of the link.","notice","<a href=\"/page1.aspx?p=8&amp;t=5\">Sharing of medical records</a>","#menuItemsub0 > a"
"WCAG2AAA.Principle4.Guideline4_1.4_1_1.F77","Duplicate id attribute value \"menuItemsub0\" found on the web page.","error","<li id=\"menuItemsub0\" tabindex=\"0\"><a href=\"/page1.aspx?p=8&amp;t=...</li>","#menuItemsub0"
"WCAG2AAA.Principle2.Guideline2_4.2_4_9.H30","Check that text of the link describes the purpose of the link.","notice","<a href=\"/page1.aspx?p=8&amp;t=6\">Privacy Notice</a>","#menuItemsub0 > a"
"WCAG2AAA.Principle4.Guideline4_1.4_1_1.F77","Duplicate id attribute value \"menuItemsub0\" found on the web page.","error","<li id=\"menuItemsub0\" tabindex=\"0\"><a href=\"/page1.aspx?p=8&amp;t=...</li>","#menuItemsub0"
"WCAG2AAA.Principle2.Guideline2_4.2_4_9.H30","Check that text of the link describes the purpose of the link.","notice","<a href=\"/page1.aspx?p=8&amp;t=7\">Car Park and Access</a>","#menuItemsub0 > a"
"WCAG2AAA.Principle2.Guideline2_4.2_4_9.H30","Check that text of the link describes the purpose of the link.","notice","<a href=\"/new-patients.aspx\">New Patients</a>","#menuItem11608 > a"
"WCAG2AAA.Principle4.Guideline4_1.4_1_1.F77","Duplicate id attribute value \"menuItemsub0\" found on the web page.","error","<li id=\"menuItemsub0\" tabindex=\"0\"><a href=\"/page1.aspx?p=4&amp;t=...</li>","#menuItemsub0"
"WCAG2AAA.Principle2.Guideline2_4.2_4_9.H30","Check that text of the link describes the purpose of the link.","notice","<a href=\"/page1.aspx?p=4&amp;t=1\">Registration</a>","#menuItemsub0 > a"
"WCAG2AAA.Principle4.Guideline4_1.4_1_1.F77","Duplicate id attribute value \"menuItemsub0\" found on the web page.","error","<li id=\"menuItemsub0\" tabindex=\"0\"><a href=\"/page1.aspx?p=4&amp;t=...</li>","#menuItemsub0"
"WCAG2AAA.Principle2.Guideline2_4.2_4_9.H30","Check that text of the link describes the purpose of the link.","notice","<a href=\"/page1.aspx?p=4&amp;t=2\">Non-English Speakers</a>","#menuItemsub0 > a"
"WCAG2AAA.Principle4.Guideline4_1.4_1_1.F77","Duplicate id attribute value \"menuItemsub0\" found on the web page.","error","<li id=\"menuItemsub0\" tabindex=\"0\"><a href=\"/page1.aspx?p=4&amp;t=...</li>","#menuItemsub0"
"WCAG2AAA.Principle2.Guideline2_4.2_4_9.H30","Check that text of the link describes the purpose of the link.","notice","<a href=\"/page1.aspx?p=4&amp;t=3\">Temporary Residents</a>","#menuItemsub0 > a"
"WCAG2AAA.Principle4.Guideline4_1.4_1_1.F77","Duplicate id attribute value \"menuItemsub0\" found on the web page.","error","<li id=\"menuItemsub0\" tabindex=\"0\"><a href=\"/page1.aspx?p=4&amp;t=...</li>","#menuItemsub0"
"WCAG2AAA.Principle2.Guideline2_4.2_4_9.H30","Check that text of the link describes the purpose of the link.","notice","<a href=\"/page1.aspx?p=4&amp;t=4\">Practice Leaflet</a>","#menuItemsub0 > a"
"WCAG2AAA.Principle4.Guideline4_1.4_1_1.F77","Duplicate id attribute value \"menuItemsub0\" found on the web page.","error","<li id=\"menuItemsub0\" tabindex=\"0\"><a href=\"/page1.aspx?p=4&amp;t=...</li>","#menuItemsub0"
"WCAG2AAA.Principle2.Guideline2_4.2_4_9.H30","Check that text of the link describes the purpose of the link.","notice","<a href=\"/page1.aspx?p=4&amp;t=5\">Patient Charter</a>","#menuItemsub0 > a"
"WCAG2AAA.Principle4.Guideline4_1.4_1_1.F77","Duplicate id attribute value \"menuItemsub0\" found on the web page.","error","<li id=\"menuItemsub0\" tabindex=\"0\"><a href=\"/page1.aspx?p=4&amp;t=...</li>","#menuItemsub0"
"WCAG2AAA.Principle2.Guideline2_4.2_4_9.H30","Check that text of the link describes the purpose of the link.","notice","<a href=\"/page1.aspx?p=4&amp;t=6\">Practice Boundary</a>","#menuItemsub0 > a"
"WCAG2AAA.Principle2.Guideline2_4.2_4_9.H30","Check that text of the link describes the purpose of the link.","notice","<a href=\"/staff1.aspx\">Practice Staff</a>","#menuItem11609 > a"
"WCAG2AAA.Principle4.Guideline4_1.4_1_1.F77","Duplicate id attribute value \"menuItemsub0\" found on the web page.","error","<li id=\"menuItemsub0\" tabindex=\"0\"><a href=\"/staff1.aspx?t=1\">Doct...</li>","#menuItemsub0"
"WCAG2AAA.Principle2.Guideline2_4.2_4_9.H30","Check that text of the link describes the purpose of the link.","notice","<a href=\"/staff1.aspx?t=1\">Doctors</a>","#menuItemsub0 > a"
"WCAG2AAA.Principle4.Guideline4_1.4_1_1.F77","Duplicate id attribute value \"menuItemsub0\" found on the web page.","error","<li id=\"menuItemsub0\" tabindex=\"0\"><a href=\"/staff1.aspx?t=2\">Nurs...</li>","#menuItemsub0"
"WCAG2AAA.Principle2.Guideline2_4.2_4_9.H30","Check that text of the link describes the purpose of the link.","notice","<a href=\"/staff1.aspx?t=2\">Nursing Team</a>","#menuItemsub0 > a"
"WCAG2AAA.Principle4.Guideline4_1.4_1_1.F77","Duplicate id attribute value \"menuItemsub0\" found on the web page.","error","<li id=\"menuItemsub0\" tabindex=\"0\"><a href=\"/staff1.aspx?t=3\">Prac...</li>","#menuItemsub0"
"WCAG2AAA.Principle2.Guideline2_4.2_4_9.H30","Check that text of the link describes the purpose of the link.","notice","<a href=\"/staff1.aspx?t=3\">Practice Team</a>","#menuItemsub0 > a"
"WCAG2AAA.Principle4.Guideline4_1.4_1_1.F77","Duplicate id attribute value \"menuItemsub0\" found on the web page.","error","<li id=\"menuItemsub0\" tabindex=\"0\"><a href=\"/staff1.aspx?t=4\">Heal...</li>","#menuItemsub0"
"WCAG2AAA.Principle2.Guideline2_4.2_4_9.H30","Check that text of the link describes the purpose of the link.","notice","<a href=\"/staff1.aspx?t=4\">Healthcare Team</a>","#menuItemsub0 > a"
"WCAG2AAA.Principle2.Guideline2_4.2_4_9.H30","Check that text of the link describes the purpose of the link.","notice","<a href=\"/contact1.aspx\">Contact Details</a>","#menuItem116010 > a"
"WCAG2AAA.Principle2.Guideline2_4.2_4_9.H30","Check that text of the link describes the purpose of the link.","notice","<a href=\"/search.aspx\">Search</a>","#menuItem116011 > a"
"WCAG2AAA.Principle4.Guideline4_1.4_1_2.H91.A.Placeholder","Anchor element found with link content, but no href, ID or name attribute has been supplied.","warning","<a href=\"\">Have your say</a>","#menuItemOS > a"
"WCAG2AAA.Principle2.Guideline2_4.2_4_9.H30","Check that text of the link describes the purpose of the link.","notice","<a href=\"\">Have your say</a>","#menuItemOS > a"
"WCAG2AAA.Principle4.Guideline4_1.4_1_1.F77","Duplicate id attribute value \"menuItemsub0\" found on the web page.","error","<li id=\"menuItemsub0\" tabindex=\"0\" class=\"has-sub\"><span class=\"submenu-button\"></...</li>","#menuItemsub0"
"WCAG2AAA.Principle2.Guideline2_4.2_4_9.H30","Check that text of the link describes the purpose of the link.","notice","<a href=\"ppg.aspx\" class=\"ppg\">Patient Group</a>","#menuItemsub0 > a"
"WCAG2AAA.Principle4.Guideline4_1.4_1_1.F77","Duplicate id attribute value \"menuItemsub0\" found on the web page.","error","<li id=\"menuItemsub0\" tabindex=\"0\"><a href=\"/ppg.aspx?t=1\">Patient...</li>","#menuItemsub0"
"WCAG2AAA.Principle2.Guideline2_4.2_4_9.H30","Check that text of the link describes the purpose of the link.","notice","<a href=\"/ppg.aspx?t=1\">Patient Participaton Group</a>","#menuItemsub0 > a"
"WCAG2AAA.Principle4.Guideline4_1.4_1_1.F77","Duplicate id attribute value \"menuItemsub0\" found on the web page.","error","<li id=\"menuItemsub0\" tabindex=\"0\"><a href=\"/ppg.aspx?t=2\">Patient...</li>","#menuItemsub0"
"WCAG2AAA.Principle2.Guideline2_4.2_4_9.H30","Check that text of the link describes the purpose of the link.","notice","<a href=\"/ppg.aspx?t=2\">Patient Participation Leaflet</a>","#menuItemsub0 > a"
"WCAG2AAA.Principle4.Guideline4_1.4_1_1.F77","Duplicate id attribute value \"menuItemsub0\" found on the web page.","error","<li id=\"menuItemsub0\" tabindex=\"0\"><a href=\"/ppg.aspx?t=3\">Minutes...</li>","#menuItemsub0"
"WCAG2AAA.Principle2.Guideline2_4.2_4_9.H30","Check that text of the link describes the purpose of the link.","notice","<a href=\"/ppg.aspx?t=3\">Minutes from meetings</a>","#menuItemsub0 > a"
"WCAG2AAA.Principle4.Guideline4_1.4_1_1.F77","Duplicate id attribute value \"menuItemsub0\" found on the web page.","error","<li id=\"menuItemsub0\" tabindex=\"0\"><a href=\"/ppg.aspx?t=5\">Contact...</li>","#menuItemsub0"
"WCAG2AAA.Principle2.Guideline2_4.2_4_9.H30","Check that text of the link describes the purpose of the link.","notice","<a href=\"/ppg.aspx?t=5\">Contact Us</a>","#menuItemsub0 > a"
"WCAG2AAA.Principle4.Guideline4_1.4_1_1.F77","Duplicate id attribute value \"menuItemsub0\" found on the web page.","error","<li id=\"menuItemsub0\" tabindex=\"0\"><a href=\"https://www.mysurgeryi...</li>","#menuItemsub0"
"WCAG2AAA.Principle2.Guideline2_4.2_4_9.H30","Check that text of the link describes the purpose of the link.","notice","<a href=\"https://www.mysurgeryintranet.co.uk/FriendsAndFamily/surveys/TakeOurSurvey/?surveyId=2103\" target=\"_blank\" class=\"ffs\">Friend &amp; Family Test</a>","#menuItemsub0 > a"
"WCAG2AAA.Principle3.Guideline3_2.3_2_5.H83.3","Check that this link's link text contains information indicating that the link will open in a new window.","warning","<a href=\"https://www.mysurgeryintranet.co.uk/FriendsAndFamily/surveys/TakeOurSurvey/?surveyId=2103\" target=\"_blank\" class=\"ffs\">Friend &amp; Family Test</a>","#menuItemsub0 > a"
"WCAG2AAA.Principle2.Guideline2_1.2_1_1.G90","Ensure the functionality provided by an event handler for this element is available through the keyboard","warning","<div class=\"newfeedsitem\" onmouseover=\"pause=1;\" onmouseout=\"pause=0;\" onclick=\"if(stop==0)stop=1;else stop=0;\" id=\"newfeed0\" style=\"visibility: visible;\"><div><h3><b><span style=\"color:...</div>","#newfeed0"
"WCAG2AAA.Principle2.Guideline2_1.2_1_1.SCR20.MouseOver","Ensure the functionality provided by mousing over this element is available through the keyboard; for instance, using the focus event.","warning","<div class=\"newfeedsitem\" onmouseover=\"pause=1;\" onmouseout=\"pause=0;\" onclick=\"if(stop==0)stop=1;else stop=0;\" id=\"newfeed0\" style=\"visibility: visible;\"><div><h3><b><span style=\"color:...</div>","#newfeed0"
"WCAG2AAA.Principle2.Guideline2_1.2_1_1.SCR20.MouseOut","Ensure the functionality provided by mousing out of this element is available through the keyboard; for instance, using the blur event.","warning","<div class=\"newfeedsitem\" onmouseover=\"pause=1;\" onmouseout=\"pause=0;\" onclick=\"if(stop==0)stop=1;else stop=0;\" id=\"newfeed0\" style=\"visibility: visible;\"><div><h3><b><span style=\"color:...</div>","#newfeed0"
"WCAG2AAA.Principle1.Guideline1_3.1_3_1.H42.2","Heading tag found with no content. Text that is not intended as a heading should not be marked up with heading tags.","error","<h3><b><span style=\"color: #0f243e;...</h3>","#newfeed0 > div > h3:nth-child(1)"
"WCAG2AAA.Principle1.Guideline1_4.1_4_3_F24.F24.FGColour","Check that this element has an inherited background colour or image to complement the corresponding inline foreground colour.","warning","<span style=\"color: #0f243e; font-family: 'Lucida Sans','sans-serif'; font-size: 11pt;\">&nbsp;<strong></strong></span>","#newfeed0 > div > h3:nth-child(1) > b > span"
"WCAG2AAA.Principle2.Guideline2_4.2_4_9.H30","Check that text of the link describes the purpose of the link.","notice","<a href=\"http://www.grmc.nhs.uk/website/L81078/files/Advice%20for%20travellers%20April%202017.draft.docx\" target=\"_blank\">here</a>","#newfeed0 > div > ul > li:nth-child(2) > h3 > strong > a"
"WCAG2AAA.Principle3.Guideline3_2.3_2_5.H83.3","Check that this link's link text contains information indicating that the link will open in a new window.","warning","<a href=\"http://www.grmc.nhs.uk/website/L81078/files/Advice%20for%20travellers%20April%202017.draft.docx\" target=\"_blank\">here</a>","#newfeed0 > div > ul > li:nth-child(2) > h3 > strong > a"
"WCAG2AAA.Principle1.Guideline1_4.1_4_3_F24.F24.FGColour","Check that this element has an inherited background colour or image to complement the corresponding inline foreground colour.","warning","<span style=\"color: #000000;\">Click <a href=\"http://treatyour...</span>","#newfeed0 > div > ul > li:nth-child(3) > h3 > span"
"WCAG2AAA.Principle2.Guideline2_4.2_4_9.H30","Check that text of the link describes the purpose of the link.","notice","<a href=\"http://treatyourselfbetter.com/\">here</a>","#newfeed0 > div > ul > li:nth-child(3) > h3 > span > a"
"WCAG2AAA.Principle2.Guideline2_4.2_4_9.H30","Check that text of the link describes the purpose of the link.","notice","<a href=\"http://www.selfcareforum.org/fact-sheets/\">this</a>","#newfeed0 > div > ul > li:nth-child(4) > h3 > b > a"
"WCAG2AAA.Principle1.Guideline1_4.1_4_3_F24.F24.FGColour","Check that this element has an inherited background colour or image to complement the corresponding inline foreground colour.","warning","<span style=\"color: #000000;\">Online services - if you regist...</span>","#newfeed0 > div > ul > li:nth-child(5) > h3 > span"
"WCAG2AAA.Principle1.Guideline1_4.1_4_3_F24.F24.FGColour","Check that this element has an inherited background colour or image to complement the corresponding inline foreground colour.","warning","<span style=\"color: #000000;\"><img width=\"27\" height=\"27\" src...</span>","#newfeed0 > div > h3:nth-child(3) > span"
"WCAG2AAA.Principle1.Guideline1_1.1_1_1.H37","Img element missing an alt attribute. Use the alt attribute to specify a short text alternative.","error","<img width=\"27\" height=\"27\" src=\"http://www.grmc.nhs.uk/website/L81078/files/facebook icon.jpg\">","#newfeed0 > div > h3:nth-child(3) > span > img"
"WCAG2AAA.Principle1.Guideline1_1.1_1_1.G73,G74","If this image cannot be fully described in a short text alternative, ensure a long text alternative is also available, such as in the body text or through a link.","notice","<img width=\"27\" height=\"27\" src=\"http://www.grmc.nhs.uk/website/L81078/files/facebook icon.jpg\">","#newfeed0 > div > h3:nth-child(3) > span > img"
"WCAG2AAA.Principle1.Guideline1_4.1_4_3_F24.F24.FGColour","Check that this element has an inherited background colour or image to complement the corresponding inline foreground colour.","warning","<a title=\"Visit our Facebook Page\" style=\"color: #000000;\" href=\"http://www.facebook.com/grmc.nhs\" target=\"_blank\">Visit our Facebook Page</a>","#newfeed0 > div > h3:nth-child(3) > span > a"
"WCAG2AAA.Principle2.Guideline2_4.2_4_9.H30","Check that text of the link describes the purpose of the link.","notice","<a title=\"Visit our Facebook Page\" style=\"color: #000000;\" href=\"http://www.facebook.com/grmc.nhs\" target=\"_blank\">Visit our Facebook Page</a>","#newfeed0 > div > h3:nth-child(3) > span > a"
"WCAG2AAA.Principle3.Guideline3_2.3_2_5.H83.3","Check that this link's link text contains information indicating that the link will open in a new window.","warning","<a title=\"Visit our Facebook Page\" style=\"color: #000000;\" href=\"http://www.facebook.com/grmc.nhs\" target=\"_blank\">Visit our Facebook Page</a>","#newfeed0 > div > h3:nth-child(3) > span > a"
"WCAG2AAA.Principle1.Guideline1_3.1_3_1.H42.2","Heading tag found with no content. Text that is not intended as a heading should not be marked up with heading tags.","error","<h3></h3>","#newfeed0 > div > h3:nth-child(4)"
"WCAG2AAA.Principle1.Guideline1_3.1_3_1.H42.2","Heading tag found with no content. Text that is not intended as a heading should not be marked up with heading tags.","error","<h3></h3>","#newfeed0 > div > h3:nth-child(5)"
"WCAG2AAA.Principle4.Guideline4_1.4_1_2.H91.A.NoContent","Anchor element found with a valid href attribute, but no link content has been supplied.","error","<a class=\"_52c6\" href=\"https://www.england.nhs.uk/south/info-professional/pharm-info/sw-pharm/\" target=\"_blank\" rel=\"nofollow\" tabindex=\"-1\"></a>","#newfeed0 > div > p:nth-child(7) > a"
"WCAG2AAA.Principle2.Guideline2_4.2_4_9.H30","Check that text of the link describes the purpose of the link.","notice","<a class=\"_52c6\" href=\"https://www.england.nhs.uk/south/info-professional/pharm-info/sw-pharm/\" target=\"_blank\" rel=\"nofollow\" tabindex=\"-1\"></a>","#newfeed0 > div > p:nth-child(7) > a"
"WCAG2AAA.Principle3.Guideline3_2.3_2_5.H83.3","Check that this link's link text contains information indicating that the link will open in a new window.","warning","<a class=\"_52c6\" href=\"https://www.england.nhs.uk/south/info-professional/pharm-info/sw-pharm/\" target=\"_blank\" rel=\"nofollow\" tabindex=\"-1\"></a>","#newfeed0 > div > p:nth-child(7) > a"
"WCAG2AAA.Principle1.Guideline1_4.1_4_3_F24.F24.FGColour","Check that this element has an inherited background colour or image to complement the corresponding inline foreground colour.","warning","<span style=\"color: #000000;\"></span>","#newfeed0 > div > p:nth-child(8) > span"
"WCAG2AAA.Principle2.Guideline2_4.2_4_9.H30","Check that text of the link describes the purpose of the link.","notice","<a href=\"news.aspx?p=L81078\"><span class=\"rsp-content\">Onlin...</a>","#js-news > li:nth-child(1) > a"
"WCAG2AAA.Principle2.Guideline2_4.2_4_9.H30","Check that text of the link describes the purpose of the link.","notice","<a href=\"news.aspx?p=L81078\">Free Patient WiFi Is Now Availa...</a>","#js-news > li:nth-child(2) > a"
"WCAG2AAA.Principle2.Guideline2_4.2_4_9.H30","Check that text of the link describes the purpose of the link.","notice","<a href=\"news.aspx?p=L81078\">Privacy Notice ...</a>","#js-news > li:nth-child(3) > a"
"WCAG2AAA.Principle2.Guideline2_4.2_4_9.H30","Check that text of the link describes the purpose of the link.","notice","<a href=\"news.aspx?p=L81078\">New Text Messaging Service Now ...</a>","#js-news > li:nth-child(4) > a"
"WCAG2AAA.Principle2.Guideline2_4.2_4_9.H30","Check that text of the link describes the purpose of the link.","notice","<a href=\"news.aspx?p=L81078\">Patient Participation Group (PP...</a>","#js-news > li:nth-child(5) > a"
"WCAG2AAA.Principle2.Guideline2_4.2_4_9.H30","Check that text of the link describes the purpose of the link.","notice","<a href=\"news.aspx?p=L81078\">Online Services<span style=\"col...</a>","#js-news > li:nth-child(6) > a"
"WCAG2AAA.Principle1.Guideline1_4.1_4_3_F24.F24.FGColour","Check that this element has an inherited background colour or image to complement the corresponding inline foreground colour.","warning","<span style=\"color: #000000;\"><br></span>","#js-news > li:nth-child(6) > a > span"
"WCAG2AAA.Principle2.Guideline2_4.2_4_9.H30","Check that text of the link describes the purpose of the link.","notice","<a href=\"news.aspx?p=L81078\">Electronic Prescriptions ...</a>","#js-news > li:nth-child(7) > a"
"WCAG2AAA.Principle2.Guideline2_4.2_4_9.H30","Check that text of the link describes the purpose of the link.","notice","<a href=\"news.aspx?p=L81078\">Practice Leaflet ...</a>","#js-news > li:nth-child(8) > a"
"WCAG2AAA.Principle2.Guideline2_4.2_4_9.H30","Check that text of the link describes the purpose of the link.","notice","<a href=\"news.aspx?p=L81078\">Minor Illness ...</a>","#js-news > li:nth-child(9) > a"
"WCAG2AAA.Principle2.Guideline2_4.2_4_9.H30","Check that text of the link describes the purpose of the link.","notice","<a href=\"news.aspx?p=L81078\">Treat Yourself Better ...</a>","#js-news > li:nth-child(10) > a"
"WCAG2AAA.Principle2.Guideline2_4.2_4_9.H30","Check that text of the link describes the purpose of the link.","notice","<a href=\"news.aspx?p=L81078\">We Had Our CQC Visit On The&nbs...</a>","#js-news > li:nth-child(11) > a"
"WCAG2AAA.Principle1.Guideline1_4.1_4_6.G17.Abs","This element is absolutely positioned and the background color can not be determined. Ensure the contrast ratio between the text and all covered parts of the background are at least 7:1.","warning","<a href=\"news.aspx?p=L81078\"><span class=\"rsp-content\">Onlin...</a>","#ticker-content > a"
"WCAG2AAA.Principle2.Guideline2_4.2_4_9.H30","Check that text of the link describes the purpose of the link.","notice","<a href=\"news.aspx?p=L81078\"><span class=\"rsp-content\">Onlin...</a>","#ticker-content > a"
"WCAG2AAA.Principle1.Guideline1_4.1_4_6.G17.Abs","This element is absolutely positioned and the background color can not be determined. Ensure the contrast ratio between the text and all covered parts of the background are at least 7:1.","warning","<span class=\"rsp-content\">Online Patient Access and Proxy...</span>","#ticker-content > a > span"
"WCAG2AAA.Principle1.Guideline1_1.1_1_1.H37","Img element missing an alt attribute. Use the alt attribute to specify a short text alternative.","error","<img src=\"/website/L81078/header/home_pics/slide1.jpg\" class=\"slide\" id=\"slide\">","#slide"
"WCAG2AAA.Principle1.Guideline1_1.1_1_1.G73,G74","If this image cannot be fully described in a short text alternative, ensure a long text alternative is also available, such as in the body text or through a link.","notice","<img src=\"/website/L81078/header/home_pics/slide1.jpg\" class=\"slide\" id=\"slide\">","#slide"
"WCAG2AAA.Principle1.Guideline1_4.1_4_3_F24.F24.FGColour","Check that this element has an inherited background colour or image to complement the corresponding inline foreground colour.","warning","<span style=\"color: #0d6829;\"><strong><span style=\"font-famil...</span>","#ctl00_ContentPlaceHolder1_field1 > h1:nth-child(1) > span"
"WCAG2AAA.Principle2.Guideline2_4.2_4_9.H30","Check that text of the link describes the purpose of the link.","notice","<a class=\"social-media-link\" href=\"https://www.facebook.com/grmc.nhs/\" target=\"_blank\"><i class=\"icon-facebook\"></i>Vi...</a>","#ctl00_ContentPlaceHolder1_field1 > h1:nth-child(1) > span > strong > span > a:nth-child(1)"
"WCAG2AAA.Principle3.Guideline3_2.3_2_5.H83.3","Check that this link's link text contains information indicating that the link will open in a new window.","warning","<a class=\"social-media-link\" href=\"https://www.facebook.com/grmc.nhs/\" target=\"_blank\"><i class=\"icon-facebook\"></i>Vi...</a>","#ctl00_ContentPlaceHolder1_field1 > h1:nth-child(1) > span > strong > span > a:nth-child(1)"
"WCAG2AAA.Principle2.Guideline2_4.2_4_9.H30","Check that text of the link describes the purpose of the link.","notice","<a href=\"http://www.grmc.nhs.uk/ppg.aspx?t=1\"><img src=\"/website/L81078/files...</a>","#ctl00_ContentPlaceHolder1_field1 > h1:nth-child(1) > span > strong > span > a:nth-child(2)"
"WCAG2AAA.Principle1.Guideline1_1.1_1_1.G94.Image","Ensure that the img element's alt text serves the same purpose and presents the same information as the image.","notice","<img src=\"/website/L81078/files/button1.png\" title=\"button\" alt=\"button\" style=\"float: right;\">","#ctl00_ContentPlaceHolder1_field1 > h1:nth-child(1) > span > strong > span > a:nth-child(2) > img"
"WCAG2AAA.Principle1.Guideline1_1.1_1_1.G73,G74","If this image cannot be fully described in a short text alternative, ensure a long text alternative is also available, such as in the body text or through a link.","notice","<img src=\"/website/L81078/files/button1.png\" title=\"button\" alt=\"button\" style=\"float: right;\">","#ctl00_ContentPlaceHolder1_field1 > h1:nth-child(1) > span > strong > span > a:nth-child(2) > img"
"WCAG2AAA.Principle1.Guideline1_4.1_4_3_F24.F24.FGColour","Check that this element has an inherited background colour or image to complement the corresponding inline foreground colour.","warning","<span style=\"color: #0d6829;\"><strong><span style=\"font-famil...</span>","#ctl00_ContentPlaceHolder1_field1 > h1:nth-child(2) > span"
"WCAG2AAA.Principle1.Guideline1_4.1_4_3_F24.F24.FGColour","Check that this element has an inherited background colour or image to complement the corresponding inline foreground colour.","warning","<span style=\"color: black; font-family: 'Arial Rounded MT Bold','sans-serif'; font-size: 11pt;\">We are a large, friendly GP Pra...</span>","#ctl00_ContentPlaceHolder1_field1 > p:nth-child(4) > span"
"WCAG2AAA.Principle1.Guideline1_4.1_4_3_F24.F24.FGColour","Check that this element has an inherited background colour or image to complement the corresponding inline foreground colour.","warning","<span style=\"color: black; font-family: 'Arial Rounded MT Bold','sans-serif'; font-size: 11pt;\"><span style=\"color: black; font...</span>","#ctl00_ContentPlaceHolder1_field1 > p:nth-child(4) > span > span"
"WCAG2AAA.Principle1.Guideline1_4.1_4_3_F24.F24.FGColour","Check that this element has an inherited background colour or image to complement the corresponding inline foreground colour.","warning","<span style=\"color: black; font-family: 'Arial Rounded MT Bold','sans-serif'; font-size: 11pt;\">We have over 14,000 registered ...</span>","#ctl00_ContentPlaceHolder1_field1 > p:nth-child(4) > span > span > span"
"WCAG2AAA.Principle1.Guideline1_4.1_4_3_F24.F24.FGColour","Check that this element has an inherited background colour or image to complement the corresponding inline foreground colour.","warning","<span style=\"color: black; font-family: 'Arial Rounded MT Bold','sans-serif'; font-size: 11pt;\"><span style=\"color: black; font...</span>","#ctl00_ContentPlaceHolder1_field1 > p:nth-child(4) > span > span > span > span"
"WCAG2AAA.Principle1.Guideline1_4.1_4_3_F24.F24.FGColour","Check that this element has an inherited background colour or image to complement the corresponding inline foreground colour.","warning","<span style=\"color: black; font-family: 'Arial Rounded MT Bold','sans-serif'; font-size: 11pt;\"><br></span>","#ctl00_ContentPlaceHolder1_field1 > p:nth-child(4) > span > span > span > span > span"
"WCAG2AAA.Principle1.Guideline1_4.1_4_3_F24.F24.FGColour","Check that this element has an inherited background colour or image to complement the corresponding inline foreground colour.","warning","<span style=\"color: black; font-family: 'Arial Rounded MT Bold','sans-serif'; font-size: 11pt;\"><span style=\"color: black; font...</span>","#ctl00_ContentPlaceHolder1_field1 > p:nth-child(5) > span"
"WCAG2AAA.Principle1.Guideline1_4.1_4_3_F24.F24.FGColour","Check that this element has an inherited background colour or image to complement the corresponding inline foreground colour.","warning","<span style=\"color: black; font-family: 'Arial Rounded MT Bold','sans-serif'; font-size: 11pt;\">&nbsp;</span>","#ctl00_ContentPlaceHolder1_field1 > p:nth-child(5) > span > span"
"WCAG2AAA.Principle1.Guideline1_4.1_4_3_F24.F24.FGColour","Check that this element has an inherited background colour or image to complement the corresponding inline foreground colour.","warning","<span style=\"color: black; font-family: 'Arial Rounded MT Bold','sans-serif'; font-size: 11pt;\"><span style=\"color: black; font...</span>","#ctl00_ContentPlaceHolder1_field1 > p:nth-child(6) > span"
"WCAG2AAA.Principle1.Guideline1_4.1_4_3_F24.F24.FGColour","Check that this element has an inherited background colour or image to complement the corresponding inline foreground colour.","warning","<span style=\"color: black; font-family: 'Arial Rounded MT Bold','sans-serif'; font-size: 11pt;\"></span>","#ctl00_ContentPlaceHolder1_field1 > p:nth-child(6) > span > span"
"WCAG2AAA.Principle1.Guideline1_4.1_4_3_F24.F24.FGColour","Check that this element has an inherited background colour or image to complement the corresponding inline foreground colour.","warning","<span style=\"color: #000000;\"><span style=\"font-family: 'Aria...</span>","#ctl00_ContentPlaceHolder1_field1 > p:nth-child(7) > span"
"WCAG2AAA.Principle1.Guideline1_4.1_4_3_F24.F24.FGColour","Check that this element has an inherited background colour or image to complement the corresponding inline foreground colour.","warning","<span style=\"color: #000000;\"><span style=\"font-family: 'Aria...</span>","#ctl00_ContentPlaceHolder1_field1 > p:nth-child(7) > span > span > span > span > span"
"WCAG2AAA.Principle1.Guideline1_4.1_4_3_F24.F24.FGColour","Check that this element has an inherited background colour or image to complement the corresponding inline foreground colour.","warning","<span style=\"color: #000000;\"><span style=\"font-family: 'Aria...</span>","#ctl00_ContentPlaceHolder1_field1 > p:nth-child(7) > span > span > span > span > strong > span"
"WCAG2AAA.Principle1.Guideline1_4.1_4_3_F24.F24.FGColour","Check that this element has an inherited background colour or image to complement the corresponding inline foreground colour.","warning","<span style=\"color: #0d6829;\"><strong><span style=\"font-famil...</span>","#ctl00_ContentPlaceHolder1_field1 > p:nth-child(8) > span"
"WCAG2AAA.Principle1.Guideline1_4.1_4_3_F24.F24.FGColour","Check that this element has an inherited background colour or image to complement the corresponding inline foreground colour.","warning","<span style=\"color: black; font-family: 'Arial Rounded MT Bold','sans-serif'; font-size: 11pt;\">GP appointments are now availab...</span>","#ctl00_ContentPlaceHolder1_field1 > p:nth-child(11) > span"
"WCAG2AAA.Principle2.Guideline2_4.2_4_9.H30","Check that text of the link describes the purpose of the link.","notice","<a href=\"http://www.england.nhs.uk/gpaccess\"><span style=\"color: blue;\">www....</a>","#ctl00_ContentPlaceHolder1_field1 > p:nth-child(11) > span > a"
"WCAG2AAA.Principle1.Guideline1_4.1_4_3_F24.F24.FGColour","Check that this element has an inherited background colour or image to complement the corresponding inline foreground colour.","warning","<span style=\"color: blue;\">www.england.nhs.uk/gpaccess</span>","#ctl00_ContentPlaceHolder1_field1 > p:nth-child(11) > span > a > span"
"WCAG2AAA.Principle1.Guideline1_4.1_4_3_F24.F24.FGColour","Check that this element has an inherited background colour or image to complement the corresponding inline foreground colour.","warning","<span style=\"color: black; font-family: 'Arial Rounded MT Bold','sans-serif'; font-size: 11pt;\"><span style=\"color: black; font...</span>","#ctl00_ContentPlaceHolder1_field1 > p:nth-child(12) > span"
"WCAG2AAA.Principle1.Guideline1_4.1_4_3_F24.F24.FGColour","Check that this element has an inherited background colour or image to complement the corresponding inline foreground colour.","warning","<span style=\"color: black; font-family: 'Arial Rounded MT Bold','sans-serif'; font-size: 11pt;\"><span style=\"color: black; font...</span>","#ctl00_ContentPlaceHolder1_field1 > p:nth-child(12) > span > span"
"WCAG2AAA.Principle1.Guideline1_4.1_4_3_F24.F24.FGColour","Check that this element has an inherited background colour or image to complement the corresponding inline foreground colour.","warning","<span style=\"color: black; font-family: 'Arial Rounded MT Bold','sans-serif'; font-size: 10pt;\"><span style=\"color: black; font...</span>","#ctl00_ContentPlaceHolder1_field1 > p:nth-child(12) > span > span > span"
"WCAG2AAA.Principle1.Guideline1_4.1_4_3_F24.F24.FGColour","Check that this element has an inherited background colour or image to complement the corresponding inline foreground colour.","warning","<span style=\"color: black; font-family: 'Arial Rounded MT Bold','sans-serif'; font-size: 10pt;\"><span style=\"color: black; font...</span>","#ctl00_ContentPlaceHolder1_field1 > p:nth-child(12) > span > span > span > span"
"WCAG2AAA.Principle1.Guideline1_4.1_4_3_F24.F24.FGColour","Check that this element has an inherited background colour or image to complement the corresponding inline foreground colour.","warning","<span style=\"color: black; font-family: 'Arial Rounded MT Bold','sans-serif'; font-size: 10pt;\"><span style=\"color: black; font...</span>","#ctl00_ContentPlaceHolder1_field1 > p:nth-child(12) > span > span > span > span > span"
"WCAG2AAA.Principle1.Guideline1_4.1_4_3_F24.F24.FGColour","Check that this element has an inherited background colour or image to complement the corresponding inline foreground colour.","warning","<span style=\"color: black; font-family: 'Arial Rounded MT Bold','sans-serif'; font-size: 10pt;\">&nbsp;</span>","#ctl00_ContentPlaceHolder1_field1 > p:nth-child(12) > span > span > span > span > span > span"
"WCAG2AAA.Principle2.Guideline2_4.2_4_9.H30","Check that text of the link describes the purpose of the link.","notice","<a href=\"new-patients.aspx\" id=\"ctl00_ContentPlaceHolder1_registerNowLink\">Register With Us Now</a>","#ctl00_ContentPlaceHolder1_registerNowLink"
"WCAG2AAA.Principle1.Guideline1_3.1_3_1_AAA.G141","The heading structure is not logically nested. This h3 element should be an h2 to be properly nested.","error","<h3 class=\"infoTitle furtherInfoTitle\">Further Information</h3>","#ctl00_resPatInfo > div > div > h3"
"WCAG2AAA.Principle1.Guideline1_4.1_4_6.G18.Fail","This element has insufficient contrast at this conformance level. Expected a contrast ratio of at least 4.5:1, but text in this element has a contrast ratio of 3.54:1. Recommendation: change background to #00838a.","error","<h3 class=\"infoTitle furtherInfoTitle\">Further Information</h3>","#ctl00_resPatInfo > div > div > h3"
"WCAG2AAA.Principle1.Guideline1_4.1_4_6.G17.Fail","This element has insufficient contrast at this conformance level. Expected a contrast ratio of at least 7:1, but text in this element has a contrast ratio of 3.54:1. Recommendation: change background to #006368.","error","<a tabindex=\"1\" href=\"/info.aspx?p=5\">Accessible Information</a>","#ctl00_resPatInfo > div > div > ul > li:nth-child(1) > a"
"WCAG2AAA.Principle2.Guideline2_4.2_4_9.H30","Check that text of the link describes the purpose of the link.","notice","<a tabindex=\"1\" href=\"/info.aspx?p=5\">Accessible Information</a>","#ctl00_resPatInfo > div > div > ul > li:nth-child(1) > a"
"WCAG2AAA.Principle1.Guideline1_4.1_4_6.G17.Fail","This element has insufficient contrast at this conformance level. Expected a contrast ratio of at least 7:1, but text in this element has a contrast ratio of 3.54:1. Recommendation: change background to #006368.","error","<a tabindex=\"2\" href=\"/info.aspx?p=1\">Bereavement</a>","#ctl00_resPatInfo > div > div > ul > li:nth-child(2) > a"
"WCAG2AAA.Principle2.Guideline2_4.2_4_9.H30","Check that text of the link describes the purpose of the link.","notice","<a tabindex=\"2\" href=\"/info.aspx?p=1\">Bereavement</a>","#ctl00_resPatInfo > div > div > ul > li:nth-child(2) > a"
"WCAG2AAA.Principle1.Guideline1_4.1_4_6.G17.Fail","This element has insufficient contrast at this conformance level. Expected a contrast ratio of at least 7:1, but text in this element has a contrast ratio of 3.54:1. Recommendation: change background to #006368.","error","<a tabindex=\"3\" href=\"/info.aspx?p=3\">Carers</a>","#ctl00_resPatInfo > div > div > ul > li:nth-child(3) > a"
"WCAG2AAA.Principle2.Guideline2_4.2_4_9.H30","Check that text of the link describes the purpose of the link.","notice","<a tabindex=\"3\" href=\"/info.aspx?p=3\">Carers</a>","#ctl00_resPatInfo > div > div > ul > li:nth-child(3) > a"
"WCAG2AAA.Principle1.Guideline1_4.1_4_6.G17.Fail","This element has insufficient contrast at this conformance level. Expected a contrast ratio of at least 7:1, but text in this element has a contrast ratio of 3.54:1. Recommendation: change background to #006368.","error","<a tabindex=\"4\" href=\"/info.aspx?p=10\">Contraception &amp; Sexual Heal...</a>","#ctl00_resPatInfo > div > div > ul > li:nth-child(4) > a"
"WCAG2AAA.Principle2.Guideline2_4.2_4_9.H30","Check that text of the link describes the purpose of the link.","notice","<a tabindex=\"4\" href=\"/info.aspx?p=10\">Contraception &amp; Sexual Heal...</a>","#ctl00_resPatInfo > div > div > ul > li:nth-child(4) > a"
"WCAG2AAA.Principle1.Guideline1_4.1_4_6.G17.Fail","This element has insufficient contrast at this conformance level. Expected a contrast ratio of at least 7:1, but text in this element has a contrast ratio of 3.54:1. Recommendation: change background to #006368.","error","<a tabindex=\"5\" href=\"/info.aspx?p=14\">Ear Care</a>","#ctl00_resPatInfo > div > div > ul > li:nth-child(5) > a"
"WCAG2AAA.Principle2.Guideline2_4.2_4_9.H30","Check that text of the link describes the purpose of the link.","notice","<a tabindex=\"5\" href=\"/info.aspx?p=14\">Ear Care</a>","#ctl00_resPatInfo > div > div > ul > li:nth-child(5) > a"
"WCAG2AAA.Principle1.Guideline1_4.1_4_6.G17.Fail","This element has insufficient contrast at this conformance level. Expected a contrast ratio of at least 7:1, but text in this element has a contrast ratio of 3.54:1. Recommendation: change background to #006368.","error","<a tabindex=\"6\" href=\"/info.aspx?p=11\">Learning Disabilities</a>","#ctl00_resPatInfo > div > div > ul > li:nth-child(6) > a"
"WCAG2AAA.Principle2.Guideline2_4.2_4_9.H30","Check that text of the link describes the purpose of the link.","notice","<a tabindex=\"6\" href=\"/info.aspx?p=11\">Learning Disabilities</a>","#ctl00_resPatInfo > div > div > ul > li:nth-child(6) > a"
"WCAG2AAA.Principle1.Guideline1_4.1_4_6.G17.Fail","This element has insufficient contrast at this conformance level. Expected a contrast ratio of at least 7:1, but text in this element has a contrast ratio of 3.54:1. Recommendation: change background to #006368.","error","<a tabindex=\"7\" href=\"/info.aspx?p=13\">Minor Illness and Self Care</a>","#ctl00_resPatInfo > div > div > ul > li:nth-child(7) > a"
"WCAG2AAA.Principle2.Guideline2_4.2_4_9.H30","Check that text of the link describes the purpose of the link.","notice","<a tabindex=\"7\" href=\"/info.aspx?p=13\">Minor Illness and Self Care</a>","#ctl00_resPatInfo > div > div > ul > li:nth-child(7) > a"
"WCAG2AAA.Principle1.Guideline1_4.1_4_6.G17.Fail","This element has insufficient contrast at this conformance level. Expected a contrast ratio of at least 7:1, but text in this element has a contrast ratio of 3.54:1. Recommendation: change background to #006368.","error","<a tabindex=\"8\" href=\"/info.aspx?p=4\">Protecting Children and Vulnera...</a>","#ctl00_resPatInfo > div > div > ul > li:nth-child(8) > a"
"WCAG2AAA.Principle2.Guideline2_4.2_4_9.H30","Check that text of the link describes the purpose of the link.","notice","<a tabindex=\"8\" href=\"/info.aspx?p=4\">Protecting Children and Vulnera...</a>","#ctl00_resPatInfo > div > div > ul > li:nth-child(8) > a"
"WCAG2AAA.Principle1.Guideline1_4.1_4_6.G17.Fail","This element has insufficient contrast at this conformance level. Expected a contrast ratio of at least 7:1, but text in this element has a contrast ratio of 3.54:1. Recommendation: change background to #006368.","error","<a tabindex=\"9\" href=\"/info.aspx?p=9\">Travel Advice</a>","#ctl00_resPatInfo > div > div > ul > li:nth-child(9) > a"
"WCAG2AAA.Principle2.Guideline2_4.2_4_9.H30","Check that text of the link describes the purpose of the link.","notice","<a tabindex=\"9\" href=\"/info.aspx?p=9\">Travel Advice</a>","#ctl00_resPatInfo > div > div > ul > li:nth-child(9) > a"
"WCAG2AAA.Principle1.Guideline1_4.1_4_6.G17.Fail","This element has insufficient contrast at this conformance level. Expected a contrast ratio of at least 7:1, but text in this element has a contrast ratio of 3.54:1. Recommendation: change background to #006368.","error","<a tabindex=\"10\" href=\"/info.aspx?p=19\">Well Aware - Bristol-based heal...</a>","#ctl00_resPatInfo > div > div > ul > li:nth-child(10) > a"
"WCAG2AAA.Principle2.Guideline2_4.2_4_9.H30","Check that text of the link describes the purpose of the link.","notice","<a tabindex=\"10\" href=\"/info.aspx?p=19\">Well Aware - Bristol-based heal...</a>","#ctl00_resPatInfo > div > div > ul > li:nth-child(10) > a"
"WCAG2AAA.Principle1.Guideline1_4.1_4_6.G17.Fail","This element has insufficient contrast at this conformance level. Expected a contrast ratio of at least 7:1, but text in this element has a contrast ratio of 3.54:1. Recommendation: change background to #006368.","error","<a tabindex=\"11\" href=\"/info.aspx?p=2\">Young People</a>","#ctl00_resPatInfo > div > div > ul > li:nth-child(11) > a"
"WCAG2AAA.Principle2.Guideline2_4.2_4_9.H30","Check that text of the link describes the purpose of the link.","notice","<a tabindex=\"11\" href=\"/info.aspx?p=2\">Young People</a>","#ctl00_resPatInfo > div > div > ul > li:nth-child(11) > a"
"WCAG2AAA.Principle1.Guideline1_4.1_4_6.G18.Fail","This element has insufficient contrast at this conformance level. Expected a contrast ratio of at least 4.5:1, but text in this element has a contrast ratio of 3.54:1. Recommendation: change background to #00838a.","error","<h3 class=\"infoTitle yourHealthTitle\">Your Health</h3>","#ctl00_resYourHealth > div > div > h3"
"WCAG2AAA.Principle1.Guideline1_4.1_4_6.G17.Fail","This element has insufficient contrast at this conformance level. Expected a contrast ratio of at least 7:1, but text in this element has a contrast ratio of 3.54:1. Recommendation: change background to #006368.","error","<a title=\"Find out about women's and men's health issues, sexual health, vaccinations and how to live a healthy lifestyle\" href=\"/family-health.aspx\">Family Health</a>","#ctl00_resYourHealth > div > div > ul > li:nth-child(1) > a"
"WCAG2AAA.Principle2.Guideline2_4.2_4_9.H30","Check that text of the link describes the purpose of the link.","notice","<a title=\"Find out about women's and men's health issues, sexual health, vaccinations and how to live a healthy lifestyle\" href=\"/family-health.aspx\">Family Health</a>","#ctl00_resYourHealth > div > div > ul > li:nth-child(1) > a"
"WCAG2AAA.Principle1.Guideline1_4.1_4_6.G17.Fail","This element has insufficient contrast at this conformance level. Expected a contrast ratio of at least 7:1, but text in this element has a contrast ratio of 3.54:1. Recommendation: change background to #006368.","error","<a title=\"Lots of information about heart disease, asthma, cancer, mental health, diabetes, COPD, osteoarthritis and pain\" href=\"long_term_conditions.aspx\">Long Term Conditions</a>","#ctl00_resYourHealth > div > div > ul > li:nth-child(2) > a"
"WCAG2AAA.Principle2.Guideline2_4.2_4_9.H30","Check that text of the link describes the purpose of the link.","notice","<a title=\"Lots of information about heart disease, asthma, cancer, mental health, diabetes, COPD, osteoarthritis and pain\" href=\"long_term_conditions.aspx\">Long Term Conditions</a>","#ctl00_resYourHealth > div > div > ul > li:nth-child(2) > a"
"WCAG2AAA.Principle1.Guideline1_4.1_4_6.G17.Fail","This element has insufficient contrast at this conformance level. Expected a contrast ratio of at least 7:1, but text in this element has a contrast ratio of 3.54:1. Recommendation: change background to #006368.","error","<a title=\"Get help on managing minor illnesses and conditions such as colds and diarrhoea\" href=\"minor_illness.aspx\">Minor Illness</a>","#ctl00_resYourHealth > div > div > ul > li:nth-child(3) > a"
"WCAG2AAA.Principle2.Guideline2_4.2_4_9.H30","Check that text of the link describes the purpose of the link.","notice","<a title=\"Get help on managing minor illnesses and conditions such as colds and diarrhoea\" href=\"minor_illness.aspx\">Minor Illness</a>","#ctl00_resYourHealth > div > div > ul > li:nth-child(3) > a"
"WCAG2AAA.Principle1.Guideline1_3.1_3_1.H48","If this element contains a navigation section, it is recommended that it be marked up as a list.","warning","<div id=\"ctl00_nhsDirect1\" class=\"nhsDirect1\"><a class=\"nhs111Link\" href=\"htt...</div>","#ctl00_nhsDirect1"
"WCAG2AAA.Principle2.Guideline2_4.2_4_9.H30","Check that text of the link describes the purpose of the link.","notice","<a class=\"nhs111Link\" href=\"http://www.nhs.uk/111/\" target=\"_blank\"><img src=\"/images/nhs_111.jpg\" ...</a>","#ctl00_nhsDirect1 > a:nth-child(1)"
"WCAG2AAA.Principle3.Guideline3_2.3_2_5.H83.3","Check that this link's link text contains information indicating that the link will open in a new window.","warning","<a class=\"nhs111Link\" href=\"http://www.nhs.uk/111/\" target=\"_blank\"><img src=\"/images/nhs_111.jpg\" ...</a>","#ctl00_nhsDirect1 > a:nth-child(1)"
"WCAG2AAA.Principle1.Guideline1_1.1_1_1.G94.Image","Ensure that the img element's alt text serves the same purpose and presents the same information as the image.","notice","<img src=\"/images/nhs_111.jpg\" alt=\"Call 111 when you need medical help fast but it’s not a 999 emergency\">","#ctl00_nhsDirect1 > a:nth-child(1) > img"
"WCAG2AAA.Principle1.Guideline1_1.1_1_1.G73,G74","If this image cannot be fully described in a short text alternative, ensure a long text alternative is also available, such as in the body text or through a link.","notice","<img src=\"/images/nhs_111.jpg\" alt=\"Call 111 when you need medical help fast but it’s not a 999 emergency\">","#ctl00_nhsDirect1 > a:nth-child(1) > img"
"WCAG2AAA.Principle2.Guideline2_4.2_4_9.H30","Check that text of the link describes the purpose of the link.","notice","<a class=\"nhsLink\" href=\"http://www.nhs.uk\" target=\"_blank\" title=\"NHS Choices\"><img src=\"/images/nhs_logo.gif\"...</a>","#ctl00_nhsDirect1 > a:nth-child(2)"
"WCAG2AAA.Principle3.Guideline3_2.3_2_5.H83.3","Check that this link's link text contains information indicating that the link will open in a new window.","warning","<a class=\"nhsLink\" href=\"http://www.nhs.uk\" target=\"_blank\" title=\"NHS Choices\"><img src=\"/images/nhs_logo.gif\"...</a>","#ctl00_nhsDirect1 > a:nth-child(2)"
"WCAG2AAA.Principle1.Guideline1_1.1_1_1.G94.Image","Ensure that the img element's alt text serves the same purpose and presents the same information as the image.","notice","<img src=\"/images/nhs_logo.gif\" alt=\"NHS Choices\">","#ctl00_nhsDirect1 > a:nth-child(2) > img"
"WCAG2AAA.Principle1.Guideline1_1.1_1_1.G73,G74","If this image cannot be fully described in a short text alternative, ensure a long text alternative is also available, such as in the body text or through a link.","notice","<img src=\"/images/nhs_logo.gif\" alt=\"NHS Choices\">","#ctl00_nhsDirect1 > a:nth-child(2) > img"
"WCAG2AAA.Principle2.Guideline2_4.2_4_9.H30","Check that text of the link describes the purpose of the link.","notice","<a class=\"mswLink\" href=\"http://www.mysurgerywebsite.co.uk\" target=\"_blank\"><img src=\"/images/msw_logo.jpg\"...</a>","#ctl00_nhsDirect1 > a:nth-child(3)"
"WCAG2AAA.Principle3.Guideline3_2.3_2_5.H83.3","Check that this link's link text contains information indicating that the link will open in a new window.","warning","<a class=\"mswLink\" href=\"http://www.mysurgerywebsite.co.uk\" target=\"_blank\"><img src=\"/images/msw_logo.jpg\"...</a>","#ctl00_nhsDirect1 > a:nth-child(3)"
"WCAG2AAA.Principle1.Guideline1_1.1_1_1.G94.Image","Ensure that the img element's alt text serves the same purpose and presents the same information as the image.","notice","<img src=\"/images/msw_logo.jpg\" alt=\"This site is brought to you by My Surgery Website\">","#ctl00_nhsDirect1 > a:nth-child(3) > img"
"WCAG2AAA.Principle1.Guideline1_1.1_1_1.G73,G74","If this image cannot be fully described in a short text alternative, ensure a long text alternative is also available, such as in the body text or through a link.","notice","<img src=\"/images/msw_logo.jpg\" alt=\"This site is brought to you by My Surgery Website\">","#ctl00_nhsDirect1 > a:nth-child(3) > img"
"WCAG2AAA.Principle1.Guideline1_3.1_3_1.H48","If this element contains a navigation section, it is recommended that it be marked up as a list.","warning","<p><a href=\"https://www.mysurgeryw...</p>","#ctl00_footer > p"
"WCAG2AAA.Principle2.Guideline2_4.2_4_9.H30","Check that text of the link describes the purpose of the link.","notice","<a href=\"https://www.mysurgerywebsite.co.uk\" target=\"_blank\">Copyright 2006 - 2019 My Surger...</a>","#ctl00_footer > p > a:nth-child(1)"
"WCAG2AAA.Principle3.Guideline3_2.3_2_5.H83.3","Check that this link's link text contains information indicating that the link will open in a new window.","warning","<a href=\"https://www.mysurgerywebsite.co.uk\" target=\"_blank\">Copyright 2006 - 2019 My Surger...</a>","#ctl00_footer > p > a:nth-child(1)"
"WCAG2AAA.Principle2.Guideline2_4.2_4_9.H30","Check that text of the link describes the purpose of the link.","notice","<a href=\"https://www.mysurgerywebsite.co.uk/disclaimer.htm\" target=\"_blank\">Privacy &amp; Usage</a>","#ctl00_footer > p > a:nth-child(2)"
"WCAG2AAA.Principle3.Guideline3_2.3_2_5.H83.3","Check that this link's link text contains information indicating that the link will open in a new window.","warning","<a href=\"https://www.mysurgerywebsite.co.uk/disclaimer.htm\" target=\"_blank\">Privacy &amp; Usage</a>","#ctl00_footer > p > a:nth-child(2)"
"WCAG2AAA.Principle2.Guideline2_4.2_4_9.H30","Check that text of the link describes the purpose of the link.","notice","<a rel=\"nofollow\" href=\"/index_form.aspx\">Edit</a>","#ctl00_footer > p > a:nth-child(3)"
"WCAG2AAA.Principle2.Guideline2_4.2_4_9.H30","Check that text of the link describes the purpose of the link.","notice","<a rel=\"nofollow\" href=\"https://www.mysurgerywebsite.co.uk/secure/gpindex.aspx?pr=L81078\">Staff Home</a>","#ctl00_footer > p > a:nth-child(4)"
"WCAG2AAA.Principle2.Guideline2_4.2_4_9.H30","Check that text of the link describes the purpose of the link.","notice","<a href=\"/site-map.aspx?pr=L81078\">Site Map</a>","#ctl00_footer > p > a:nth-child(5)"
"WCAG2AAA.Principle2.Guideline2_4.2_4_9.H30","Check that text of the link describes the purpose of the link.","notice","<a href=\"/Accessibility.aspx?pr=L81078\">Accessibility</a>","#ctl00_footer > p > a:nth-child(6)"
"WCAG2AAA.Principle2.Guideline2_4.2_4_9.H30","Check that text of the link describes the purpose of the link.","notice","<a href=\"help/My Surgery Website Site Terms and Conditions.pdf\">Site T&amp;C's</a>","#ctl00_footer > p > a:nth-child(7)"
"WCAG2AAA.Principle2.Guideline2_4.2_4_9.H30","Check that text of the link describes the purpose of the link.","notice","<a href=\"help/My Surgery Website Service Terms and Conditions.pdf\">Service T&amp;C's</a>","#ctl00_footer > p > a:nth-child(8)"
"WCAG2AAA.Principle1.Guideline1_1.1_1_1.G94.Image","Ensure that the img element's alt text serves the same purpose and presents the same information as the image.","notice","<img src=\"https://www.gstatic.com/images/branding/product/1x/translate_24dp.png\" width=\"20\" height=\"20\" alt=\"Google 翻译\">","#goog-gt-tt > div:nth-child(1) > div > div > img"
"WCAG2AAA.Principle1.Guideline1_1.1_1_1.G73,G74","If this image cannot be fully described in a short text alternative, ensure a long text alternative is also available, such as in the body text or through a link.","notice","<img src=\"https://www.gstatic.com/images/branding/product/1x/translate_24dp.png\" width=\"20\" height=\"20\" alt=\"Google 翻译\">","#goog-gt-tt > div:nth-child(1) > div > div > img"
"WCAG2AAA.Principle2.Guideline2_4.2_4_1.H64.2","Check that the title attribute of this element contains text that identifies the frame.","notice","<iframe frameborder=\"0\" class=\"goog-te-menu-frame skiptranslate\" title=\"语言翻译微件\" style=\"visibility: visible; box-sizing: content-box; width: 915px; height: 263px; display: none;\"></iframe>","#ctl00_mainbody > iframe:nth-child(5)"
"WCAG2AAA.Principle2.Guideline2_4.2_4_1.H64.2","Check that the title attribute of this element contains text that identifies the frame.","notice","<iframe frameborder=\"0\" class=\"goog-te-menu-frame skiptranslate\" title=\"语言翻译微件\" style=\"visibility: visible; box-sizing: content-box; width: 915px; height: 263px; display: none;\"></iframe>","#ctl00_mainbody > iframe:nth-child(6)"
"WCAG2AAA.Principle2.Guideline2_4.2_4_1.H64.2","Check that the title attribute of this element contains text that identifies the frame.","notice","<iframe frameborder=\"0\" class=\"goog-te-menu-frame skiptranslate\" title=\"语言翻译微件\" style=\"visibility: visible; box-sizing: content-box; width: 135px; height: 69px; display: none;\"></iframe>","#ctl00_mainbody > iframe:nth-child(7)"